District Name,District No,Jilha,Constituency Name,Constituency No,Total No. of Electors,Serial Poll,Total No. Valid Votes,No. of Rejected Votes,NOTA,Total,No. of Tendered Votes,Elected Person Name,Party Name of Elected Person,No. of Valid Votes Cast in Favour of Elected Person,Other Candidate Votes,Total EVM Votes,Total Postal ballot votes,Total Votes Polled
Thane,,,KOPRI-PACHPAKHADI,147,,1,405,0,6,411,0,,,0,405,405,0,405
Thane,,,KOPRI-PACHPAKHADI,147,,2,595,0,5,600,0,,,0,595,595,0,595
Thane,,,KOPRI-PACHPAKHADI,147,,3,686,0,7,693,0,,,0,686,686,0,686
Thane,,,KOPRI-PACHPAKHADI,147,,4,630,0,5,635,0,,,0,630,630,0,630
Thane,,,KOPRI-PACHPAKHADI,147,,5,600,0,11,611,0,,,0,600,600,0,600
Thane,,,KOPRI-PACHPAKHADI,147,,6,401,0,2,403,0,,,0,401,401,0,401
Thane,,,KOPRI-PACHPAKHADI,147,,7,546,0,5,551,0,,,0,546,546,0,546
Thane,,,KOPRI-PACHPAKHADI,147,,8,566,0,9,575,0,,,0,566,566,0,566
Thane,,,KOPRI-PACHPAKHADI,147,,9,343,0,9,352,0,,,0,343,343,0,343
Thane,,,KOPRI-PACHPAKHADI,147,,10,519,0,11,530,0,,,0,519,519,0,519
Thane,,,KOPRI-PACHPAKHADI,147,,11,397,0,5,402,0,,,0,397,397,0,397
Thane,,,KOPRI-PACHPAKHADI,147,,12,366,0,6,372,0,,,0,366,366,0,366
Thane,,,KOPRI-PACHPAKHADI,147,,13,344,0,4,348,0,,,0,344,344,0,344
Thane,,,KOPRI-PACHPAKHADI,147,,14,558,0,10,568,0,,,0,558,558,0,558
Thane,,,KOPRI-PACHPAKHADI,147,,15,471,0,2,473,0,,,0,471,471,0,471
Thane,,,KOPRI-PACHPAKHADI,147,,16,778,0,6,784,0,,,0,778,778,0,778
Thane,,,KOPRI-PACHPAKHADI,147,,17,683,0,8,691,0,,,0,683,683,0,683
Thane,,,KOPRI-PACHPAKHADI,147,,18,652,0,9,661,0,,,0,652,652,0,652
Thane,,,KOPRI-PACHPAKHADI,147,,19,657,0,11,668,0,,,0,657,657,0,657
Thane,,,KOPRI-PACHPAKHADI,147,,20,503,0,8,511,0,,,0,503,503,0,503
Thane,,,KOPRI-PACHPAKHADI,147,,21,533,0,7,540,0,,,0,533,533,0,533
Thane,,,KOPRI-PACHPAKHADI,147,,22,840,0,10,850,0,,,0,840,840,0,840
Thane,,,KOPRI-PACHPAKHADI,147,,23,569,0,9,578,0,,,0,569,569,0,569
Thane,,,KOPRI-PACHPAKHADI,147,,24,355,0,3,358,0,,,0,355,355,0,355
Thane,,,KOPRI-PACHPAKHADI,147,,25,627,0,13,640,0,,,0,627,627,0,627
Thane,,,KOPRI-PACHPAKHADI,147,,26,869,0,15,884,0,,,0,869,869,0,869
Thane,,,KOPRI-PACHPAKHADI,147,,27,870,0,12,882,0,,,0,870,870,0,870
Thane,,,KOPRI-PACHPAKHADI,147,,28,749,0,13,762,0,,,0,749,749,0,749
Thane,,,KOPRI-PACHPAKHADI,147,,29,661,0,2,663,0,,,0,661,661,0,661
Thane,,,KOPRI-PACHPAKHADI,147,,30,720,0,6,726,0,,,0,720,720,0,720
Thane,,,KOPRI-PACHPAKHADI,147,,31,449,0,3,452,0,,,0,449,449,0,449
Thane,,,KOPRI-PACHPAKHADI,147,,32,596,0,9,605,0,,,0,596,596,0,596
Thane,,,KOPRI-PACHPAKHADI,147,,33,448,0,5,453,0,,,0,448,448,0,448
Thane,,,KOPRI-PACHPAKHADI,147,,34,494,0,1,495,0,,,0,494,494,0,494
Thane,,,KOPRI-PACHPAKHADI,147,,35,529,0,5,534,0,,,0,529,529,0,529
Thane,,,KOPRI-PACHPAKHADI,147,,36,607,0,5,612,0,,,0,607,607,0,607
Thane,,,KOPRI-PACHPAKHADI,147,,37,456,0,7,463,0,,,0,456,456,0,456
Thane,,,KOPRI-PACHPAKHADI,147,,38,426,0,8,434,0,,,0,426,426,0,426
Thane,,,KOPRI-PACHPAKHADI,147,,39,477,0,5,482,0,,,0,477,477,0,477
Thane,,,KOPRI-PACHPAKHADI,147,,40,605,0,6,611,0,,,0,605,605,0,605
Thane,,,KOPRI-PACHPAKHADI,147,,41,703,0,4,707,0,,,0,703,703,0,703
Thane,,,KOPRI-PACHPAKHADI,147,,42,729,0,8,737,0,,,0,729,729,0,729
Thane,,,KOPRI-PACHPAKHADI,147,,43,586,0,12,598,0,,,0,586,586,0,586
Thane,,,KOPRI-PACHPAKHADI,147,,44,450,0,5,455,0,,,0,450,450,0,450
Thane,,,KOPRI-PACHPAKHADI,147,,45,646,0,4,650,0,,,0,646,646,0,646
Thane,,,KOPRI-PACHPAKHADI,147,,46,640,0,8,648,0,,,0,640,640,0,640
Thane,,,KOPRI-PACHPAKHADI,147,,47,456,0,7,463,0,,,0,456,456,0,456
Thane,,,KOPRI-PACHPAKHADI,147,,48,362,0,3,365,0,,,0,362,362,0,362
Thane,,,KOPRI-PACHPAKHADI,147,,49,406,0,1,407,0,,,0,406,406,0,406
Thane,,,KOPRI-PACHPAKHADI,147,,50,415,0,4,419,0,,,0,415,415,0,415
Thane,,,KOPRI-PACHPAKHADI,147,,51,676,0,11,687,0,,,0,674,674,0,674
Thane,,,KOPRI-PACHPAKHADI,147,,52,434,0,8,442,0,,,0,434,434,0,434
Thane,,,KOPRI-PACHPAKHADI,147,,53,468,0,4,472,0,,,0,468,468,0,468
Thane,,,KOPRI-PACHPAKHADI,147,,54,344,0,5,349,0,,,0,344,344,0,344
Thane,,,KOPRI-PACHPAKHADI,147,,55,567,0,1,568,0,,,0,567,567,0,567
Thane,,,KOPRI-PACHPAKHADI,147,,56,779,0,1,780,0,,,0,779,779,0,779
Thane,,,KOPRI-PACHPAKHADI,147,,57,456,0,9,465,0,,,0,456,456,0,456
Thane,,,KOPRI-PACHPAKHADI,147,,58,377,0,3,380,0,,,0,377,377,0,377
Thane,,,KOPRI-PACHPAKHADI,147,,59,658,0,8,666,0,,,0,658,658,0,658
Thane,,,KOPRI-PACHPAKHADI,147,,60,672,0,8,680,0,,,0,672,672,0,672
Thane,,,KOPRI-PACHPAKHADI,147,,61,596,0,9,605,0,,,0,596,596,0,596
Thane,,,KOPRI-PACHPAKHADI,147,,62,523,0,12,535,0,,,0,523,523,0,523
Thane,,,KOPRI-PACHPAKHADI,147,,63,680,0,8,688,0,,,0,680,680,0,680
Thane,,,KOPRI-PACHPAKHADI,147,,64,556,0,6,562,0,,,0,556,556,0,556
Thane,,,KOPRI-PACHPAKHADI,147,,65,447,0,6,453,0,,,0,447,447,0,447
Thane,,,KOPRI-PACHPAKHADI,147,,66,375,0,3,378,0,,,0,375,375,0,375
Thane,,,KOPRI-PACHPAKHADI,147,,67,586,0,10,596,0,,,0,586,586,0,586
Thane,,,KOPRI-PACHPAKHADI,147,,68,328,0,6,334,0,,,0,328,328,0,328
Thane,,,KOPRI-PACHPAKHADI,147,,69,668,0,8,676,0,,,0,668,668,0,668
Thane,,,KOPRI-PACHPAKHADI,147,,70,611,0,19,630,0,,,0,611,611,0,611
Thane,,,KOPRI-PACHPAKHADI,147,,71,393,0,10,403,0,,,0,393,393,0,393
Thane,,,KOPRI-PACHPAKHADI,147,,72,694,0,12,706,0,,,0,694,694,0,694
Thane,,,KOPRI-PACHPAKHADI,147,,73,692,0,17,709,0,,,0,692,692,0,692
Thane,,,KOPRI-PACHPAKHADI,147,,74,505,0,7,512,0,,,0,505,505,0,505
Thane,,,KOPRI-PACHPAKHADI,147,,75,470,0,11,481,0,,,0,470,470,0,470
Thane,,,KOPRI-PACHPAKHADI,147,,76,717,0,8,725,0,,,0,717,717,0,717
Thane,,,KOPRI-PACHPAKHADI,147,,77,484,0,4,488,0,,,0,484,484,0,484
Thane,,,KOPRI-PACHPAKHADI,147,,78,498,0,6,504,0,,,0,498,498,0,498
Thane,,,KOPRI-PACHPAKHADI,147,,79,467,0,2,469,0,,,0,467,467,0,467
Thane,,,KOPRI-PACHPAKHADI,147,,80,319,0,4,323,0,,,0,319,319,0,319
Thane,,,KOPRI-PACHPAKHADI,147,,81,455,0,6,461,0,,,0,455,455,0,455
Thane,,,KOPRI-PACHPAKHADI,147,,82,487,0,8,495,0,,,0,487,487,0,487
Thane,,,KOPRI-PACHPAKHADI,147,,83,0,0,0,0,0,,,0,0,0,0,0
Thane,,,KOPRI-PACHPAKHADI,147,,84,619,0,7,626,0,,,0,619,619,0,619
Thane,,,KOPRI-PACHPAKHADI,147,,85,667,0,4,671,0,,,0,667,667,0,667
Thane,,,KOPRI-PACHPAKHADI,147,,86,497,0,3,500,0,,,0,497,497,0,497
Thane,,,KOPRI-PACHPAKHADI,147,,87,517,0,8,525,0,,,0,517,517,0,517
Thane,,,KOPRI-PACHPAKHADI,147,,88,550,0,7,557,0,,,0,550,550,0,550
Thane,,,KOPRI-PACHPAKHADI,147,,89,472,0,4,476,0,,,0,472,472,0,472
Thane,,,KOPRI-PACHPAKHADI,147,,90,468,0,11,479,0,,,0,468,468,0,468
Thane,,,KOPRI-PACHPAKHADI,147,,91,617,0,5,622,0,,,0,617,617,0,617
Thane,,,KOPRI-PACHPAKHADI,147,,92,510,0,3,513,0,,,0,510,510,0,510
Thane,,,KOPRI-PACHPAKHADI,147,,93,854,0,47,901,0,,,0,854,854,0,854
Thane,,,KOPRI-PACHPAKHADI,147,,94,563,0,13,576,0,,,0,563,563,0,563
Thane,,,KOPRI-PACHPAKHADI,147,,95,762,0,4,766,0,,,0,762,762,0,762
Thane,,,KOPRI-PACHPAKHADI,147,,96,715,0,10,725,0,,,0,715,715,0,715
Thane,,,KOPRI-PACHPAKHADI,147,,97,659,0,8,667,0,,,0,659,659,0,659
Thane,,,KOPRI-PACHPAKHADI,147,,98,763,0,7,770,0,,,0,763,763,0,763
Thane,,,KOPRI-PACHPAKHADI,147,,99,678,0,16,694,0,,,0,678,678,0,678
Thane,,,KOPRI-PACHPAKHADI,147,,100,687,0,8,695,0,,,0,687,687,0,687
Thane,,,KOPRI-PACHPAKHADI,147,,101,453,0,4,457,0,,,0,453,453,0,453
Thane,,,KOPRI-PACHPAKHADI,147,,102,412,0,6,418,0,,,0,412,412,0,412
Thane,,,KOPRI-PACHPAKHADI,147,,103,505,0,14,519,0,,,0,505,505,0,505
Thane,,,KOPRI-PACHPAKHADI,147,,104,385,0,2,387,0,,,0,385,385,0,385
Thane,,,KOPRI-PACHPAKHADI,147,,105,444,0,6,450,0,,,0,444,444,0,444
Thane,,,KOPRI-PACHPAKHADI,147,,106,811,0,5,816,0,,,0,811,811,0,811
Thane,,,KOPRI-PACHPAKHADI,147,,107,515,0,6,521,0,,,0,515,515,0,515
Thane,,,KOPRI-PACHPAKHADI,147,,108,449,0,6,455,0,,,0,449,449,0,449
Thane,,,KOPRI-PACHPAKHADI,147,,109,496,0,2,498,0,,,0,496,496,0,496
Thane,,,KOPRI-PACHPAKHADI,147,,110,394,0,6,400,0,,,0,394,394,0,394
Thane,,,KOPRI-PACHPAKHADI,147,,111,715,0,20,735,0,,,0,715,715,0,715
Thane,,,KOPRI-PACHPAKHADI,147,,112,534,0,14,548,0,,,0,534,534,0,534
Thane,,,KOPRI-PACHPAKHADI,147,,113,642,0,6,648,0,,,0,642,642,0,642
Thane,,,KOPRI-PACHPAKHADI,147,,114,846,0,7,853,0,,,0,846,846,0,846
Thane,,,KOPRI-PACHPAKHADI,147,,115,517,0,7,524,0,,,0,517,517,0,517
Thane,,,KOPRI-PACHPAKHADI,147,,116,712,0,11,723,0,,,0,712,712,0,712
Thane,,,KOPRI-PACHPAKHADI,147,,117,482,0,5,487,0,,,0,482,482,0,482
Thane,,,KOPRI-PACHPAKHADI,147,,118,759,0,11,770,0,,,0,759,759,0,759
Thane,,,KOPRI-PACHPAKHADI,147,,119,760,0,7,767,0,,,0,760,760,0,760
Thane,,,KOPRI-PACHPAKHADI,147,,120,492,0,6,498,0,,,0,492,492,0,492
Thane,,,KOPRI-PACHPAKHADI,147,,121,502,0,10,512,0,,,0,502,502,0,502
Thane,,,KOPRI-PACHPAKHADI,147,,122,455,0,7,462,0,,,0,455,455,0,455
Thane,,,KOPRI-PACHPAKHADI,147,,123,801,0,8,809,0,,,0,801,801,0,801
Thane,,,KOPRI-PACHPAKHADI,147,,124,450,0,4,454,0,,,0,450,450,0,450
Thane,,,KOPRI-PACHPAKHADI,147,,125,426,0,4,430,0,,,0,426,426,0,426
Thane,,,KOPRI-PACHPAKHADI,147,,126,423,0,6,429,0,,,0,423,423,0,423
Thane,,,KOPRI-PACHPAKHADI,147,,127,611,0,9,620,0,,,0,611,611,0,611
Thane,,,KOPRI-PACHPAKHADI,147,,128,410,0,8,418,0,,,0,410,410,0,410
Thane,,,KOPRI-PACHPAKHADI,147,,129,622,0,3,625,0,,,0,622,622,0,622
Thane,,,KOPRI-PACHPAKHADI,147,,130,694,0,12,706,0,,,0,694,694,0,694
Thane,,,KOPRI-PACHPAKHADI,147,,131,841,0,8,849,0,,,0,841,841,0,841
Thane,,,KOPRI-PACHPAKHADI,147,,132,697,0,6,703,0,,,0,697,697,0,697
Thane,,,KOPRI-PACHPAKHADI,147,,133,645,0,5,650,0,,,0,645,645,0,645
Thane,,,KOPRI-PACHPAKHADI,147,,134,510,0,10,520,0,,,0,510,510,0,510
Thane,,,KOPRI-PACHPAKHADI,147,,135,618,0,6,624,0,,,0,618,618,0,618
Thane,,,KOPRI-PACHPAKHADI,147,,136,355,0,3,358,0,,,0,355,355,0,355
Thane,,,KOPRI-PACHPAKHADI,147,,137,573,0,9,582,0,,,0,573,573,0,573
Thane,,,KOPRI-PACHPAKHADI,147,,138,729,0,13,742,0,,,0,729,729,0,729
Thane,,,KOPRI-PACHPAKHADI,147,,139,417,0,3,420,0,,,0,417,417,0,417
Thane,,,KOPRI-PACHPAKHADI,147,,140,770,0,15,785,0,,,0,770,770,0,770
Thane,,,KOPRI-PACHPAKHADI,147,,141,567,0,5,572,0,,,0,567,567,0,567
Thane,,,KOPRI-PACHPAKHADI,147,,142,557,0,7,564,0,,,0,557,557,0,557
Thane,,,KOPRI-PACHPAKHADI,147,,143,663,0,10,673,0,,,0,663,663,0,663
Thane,,,KOPRI-PACHPAKHADI,147,,144,373,0,4,377,0,,,0,373,373,0,373
Thane,,,KOPRI-PACHPAKHADI,147,,145,701,0,14,715,0,,,0,701,701,0,701
Thane,,,KOPRI-PACHPAKHADI,147,,146,634,0,10,644,0,,,0,634,634,0,634
Thane,,,KOPRI-PACHPAKHADI,147,,147,460,0,2,462,0,,,0,460,460,0,460
Thane,,,KOPRI-PACHPAKHADI,147,,148,552,0,8,560,0,,,0,552,552,0,552
Thane,,,KOPRI-PACHPAKHADI,147,,149,632,0,14,646,0,,,0,632,632,0,632
Thane,,,KOPRI-PACHPAKHADI,147,,150,405,0,9,414,0,,,0,405,405,0,405
Thane,,,KOPRI-PACHPAKHADI,147,,151,481,0,7,488,0,,,0,481,481,0,481
Thane,,,KOPRI-PACHPAKHADI,147,,152,723,0,11,734,0,,,0,723,723,0,723
Thane,,,KOPRI-PACHPAKHADI,147,,153,722,0,9,731,0,,,0,722,722,0,722
Thane,,,KOPRI-PACHPAKHADI,147,,154,470,0,8,478,0,,,0,470,470,0,470
Thane,,,KOPRI-PACHPAKHADI,147,,155,467,0,9,476,0,,,0,467,467,0,467
Thane,,,KOPRI-PACHPAKHADI,147,,156,653,0,3,656,0,,,0,653,653,0,653
Thane,,,KOPRI-PACHPAKHADI,147,,157,620,0,13,633,0,,,0,620,620,0,620
Thane,,,KOPRI-PACHPAKHADI,147,,158,608,0,10,618,0,,,0,608,608,0,608
Thane,,,KOPRI-PACHPAKHADI,147,,159,487,0,6,493,0,,,0,487,487,0,487
Thane,,,KOPRI-PACHPAKHADI,147,,160,599,0,3,602,0,,,0,599,599,0,599
Thane,,,KOPRI-PACHPAKHADI,147,,161,355,0,1,356,0,,,0,355,355,0,355
Thane,,,KOPRI-PACHPAKHADI,147,,162,563,0,3,566,0,,,0,563,563,0,563
Thane,,,KOPRI-PACHPAKHADI,147,,163,798,0,10,808,0,,,0,798,798,0,798
Thane,,,KOPRI-PACHPAKHADI,147,,164,532,0,6,538,0,,,0,532,532,0,532
Thane,,,KOPRI-PACHPAKHADI,147,,165,270,0,2,272,0,,,0,270,270,0,270
Thane,,,KOPRI-PACHPAKHADI,147,,166,263,0,1,264,0,,,0,263,263,0,263
Thane,,,KOPRI-PACHPAKHADI,147,,167,489,0,2,491,0,,,0,489,489,0,489
Thane,,,KOPRI-PACHPAKHADI,147,,168,378,0,5,383,0,,,0,378,378,0,378
Thane,,,KOPRI-PACHPAKHADI,147,,169,738,0,10,748,0,,,0,738,738,0,738
Thane,,,KOPRI-PACHPAKHADI,147,,170,794,0,20,814,0,,,0,794,794,0,794
Thane,,,KOPRI-PACHPAKHADI,147,,171,798,0,3,801,0,,,0,798,798,0,798
Thane,,,KOPRI-PACHPAKHADI,147,,172,576,0,16,592,0,,,0,576,576,0,576
Thane,,,KOPRI-PACHPAKHADI,147,,173,715,0,7,722,0,,,0,715,715,0,715
Thane,,,KOPRI-PACHPAKHADI,147,,174,663,0,10,673,0,,,0,663,663,0,663
Thane,,,KOPRI-PACHPAKHADI,147,,175,550,0,6,556,0,,,0,550,550,0,550
Thane,,,KOPRI-PACHPAKHADI,147,,176,505,0,3,508,0,,,0,505,505,0,505
Thane,,,KOPRI-PACHPAKHADI,147,,177,461,0,4,465,0,,,0,461,461,0,461
Thane,,,KOPRI-PACHPAKHADI,147,,178,457,0,2,459,0,,,0,457,457,0,457
Thane,,,KOPRI-PACHPAKHADI,147,,179,534,0,3,537,0,,,0,534,534,0,534
Thane,,,KOPRI-PACHPAKHADI,147,,180,644,0,8,652,0,,,0,644,644,0,644
Thane,,,KOPRI-PACHPAKHADI,147,,181,765,0,6,771,0,,,0,765,765,0,765
Thane,,,KOPRI-PACHPAKHADI,147,,182,741,0,11,752,0,,,0,741,741,0,741
Thane,,,KOPRI-PACHPAKHADI,147,,183,404,0,10,414,0,,,0,404,404,0,404
Thane,,,KOPRI-PACHPAKHADI,147,,184,476,0,9,485,0,,,0,476,476,0,476
Thane,,,KOPRI-PACHPAKHADI,147,,185,399,0,11,410,0,,,0,399,399,0,399
Thane,,,KOPRI-PACHPAKHADI,147,,186,453,0,8,461,0,,,0,453,453,0,453
Thane,,,KOPRI-PACHPAKHADI,147,,187,421,0,10,431,0,,,0,421,421,0,421
Thane,,,KOPRI-PACHPAKHADI,147,,188,493,0,9,502,0,,,0,493,493,0,493
Thane,,,KOPRI-PACHPAKHADI,147,,189,359,0,6,365,0,,,0,359,359,0,359
Thane,,,KOPRI-PACHPAKHADI,147,,190,667,0,11,678,0,,,0,667,667,0,667
Thane,,,KOPRI-PACHPAKHADI,147,,191,480,0,12,492,0,,,0,480,480,0,480
Thane,,,KOPRI-PACHPAKHADI,147,,192,522,0,8,530,0,,,0,522,522,0,522
Thane,,,KOPRI-PACHPAKHADI,147,,193,705,0,10,715,0,,,0,705,705,0,705
Thane,,,KOPRI-PACHPAKHADI,147,,194,479,0,3,482,0,,,0,479,479,0,479
Thane,,,KOPRI-PACHPAKHADI,147,,195,366,0,6,372,0,,,0,366,366,0,366
Thane,,,KOPRI-PACHPAKHADI,147,,196,462,0,5,467,0,,,0,462,462,0,462
Thane,,,KOPRI-PACHPAKHADI,147,,197,497,0,5,502,0,,,0,497,497,0,497
Thane,,,KOPRI-PACHPAKHADI,147,,198,361,0,10,371,0,,,0,361,361,0,361
Thane,,,KOPRI-PACHPAKHADI,147,,199,567,0,5,572,0,,,0,567,567,0,567
Thane,,,KOPRI-PACHPAKHADI,147,,200,617,0,8,625,0,,,0,617,617,0,617
Thane,,,KOPRI-PACHPAKHADI,147,,201,752,0,12,764,0,,,0,752,752,0,752
Thane,,,KOPRI-PACHPAKHADI,147,,202,329,0,3,332,0,,,0,329,329,0,329
Thane,,,KOPRI-PACHPAKHADI,147,,203,746,0,11,757,0,,,0,746,746,0,746
Thane,,,KOPRI-PACHPAKHADI,147,,204,549,0,5,554,0,,,0,549,549,0,549
Thane,,,KOPRI-PACHPAKHADI,147,,205,713,0,9,722,0,,,0,713,713,0,713
Thane,,,KOPRI-PACHPAKHADI,147,,206,510,0,5,515,0,,,0,510,510,0,510
Thane,,,KOPRI-PACHPAKHADI,147,,207,647,0,15,662,0,,,0,647,647,0,647
Thane,,,KOPRI-PACHPAKHADI,147,,208,772,0,19,791,0,,,0,772,772,0,772
Thane,,,KOPRI-PACHPAKHADI,147,,209,872,0,12,884,0,,,0,872,872,0,872
Thane,,,KOPRI-PACHPAKHADI,147,,210,629,0,8,637,0,,,0,629,629,0,629
Thane,,,KOPRI-PACHPAKHADI,147,,211,537,0,6,543,0,,,0,537,537,0,537
Thane,,,KOPRI-PACHPAKHADI,147,,212,465,0,1,466,0,,,0,465,465,0,465
Thane,,,KOPRI-PACHPAKHADI,147,,213,619,0,6,625,0,,,0,619,619,0,619
Thane,,,KOPRI-PACHPAKHADI,147,,214,497,0,4,501,0,,,0,497,497,0,497
Thane,,,KOPRI-PACHPAKHADI,147,,215,431,0,4,435,0,,,0,431,431,0,431
Thane,,,KOPRI-PACHPAKHADI,147,,216,520,0,7,527,0,,,0,520,520,0,520
Thane,,,KOPRI-PACHPAKHADI,147,,217,455,0,7,462,0,,,0,455,455,0,455
Thane,,,KOPRI-PACHPAKHADI,147,,218,616,0,5,621,0,,,0,616,616,0,616
Thane,,,KOPRI-PACHPAKHADI,147,,219,584,0,7,591,0,,,0,584,584,0,584
Thane,,,KOPRI-PACHPAKHADI,147,,220,570,0,8,578,0,,,0,570,570,0,570
Thane,,,KOPRI-PACHPAKHADI,147,,221,530,0,5,535,0,,,0,530,530,0,530
Thane,,,KOPRI-PACHPAKHADI,147,,222,667,0,8,675,0,,,0,667,667,0,667
Thane,,,KOPRI-PACHPAKHADI,147,,223,412,0,4,416,0,,,0,412,412,0,412
Thane,,,KOPRI-PACHPAKHADI,147,,224,536,0,4,540,0,,,0,536,536,0,536
Thane,,,KOPRI-PACHPAKHADI,147,,225,445,0,9,454,0,,,0,445,445,0,445
Thane,,,KOPRI-PACHPAKHADI,147,,226,456,0,6,462,0,,,0,456,456,0,456
Thane,,,KOPRI-PACHPAKHADI,147,,227,463,0,5,468,0,,,0,463,463,0,463
Thane,,,KOPRI-PACHPAKHADI,147,,228,555,0,10,565,0,,,0,555,555,0,555
Thane,,,KOPRI-PACHPAKHADI,147,,229,439,0,5,444,0,,,0,439,439,0,439
Thane,,,KOPRI-PACHPAKHADI,147,,230,398,0,7,405,0,,,0,398,398,0,398
Thane,,,KOPRI-PACHPAKHADI,147,,231,356,0,4,360,0,,,0,356,356,0,356
Thane,,,KOPRI-PACHPAKHADI,147,,232,524,0,7,531,0,,,0,524,524,0,524
Thane,,,KOPRI-PACHPAKHADI,147,,233,328,0,5,333,0,,,0,328,328,0,328
Thane,,,KOPRI-PACHPAKHADI,147,,234,596,0,5,601,0,,,0,596,596,0,596
Thane,,,KOPRI-PACHPAKHADI,147,,235,366,0,0,366,0,,,0,366,366,0,366
Thane,,,KOPRI-PACHPAKHADI,147,,236,368,0,9,377,0,,,0,368,368,0,368
Thane,,,KOPRI-PACHPAKHADI,147,,237,456,0,8,464,0,,,0,456,456,0,456
Thane,,,KOPRI-PACHPAKHADI,147,,238,392,0,1,393,0,,,0,392,392,0,392
Thane,,,KOPRI-PACHPAKHADI,147,,239,555,0,4,559,0,,,0,555,555,0,555
Thane,,,KOPRI-PACHPAKHADI,147,,240,689,0,8,697,0,,,0,689,689,0,689
Thane,,,KOPRI-PACHPAKHADI,147,,241,596,0,7,603,0,,,0,596,596,0,596
Thane,,,KOPRI-PACHPAKHADI,147,,242,501,0,15,516,0,,,0,501,501,0,501
Thane,,,KOPRI-PACHPAKHADI,147,,243,364,0,5,369,0,,,0,364,364,0,364
Thane,,,KOPRI-PACHPAKHADI,147,,244,362,0,7,369,0,,,0,362,362,0,362
Thane,,,KOPRI-PACHPAKHADI,147,,245,374,0,5,379,0,,,0,374,374,0,374
Thane,,,KOPRI-PACHPAKHADI,147,,246,546,0,2,548,0,,,0,546,546,0,546
Thane,,,KOPRI-PACHPAKHADI,147,,247,540,0,5,545,0,,,0,540,540,0,540
Thane,,,KOPRI-PACHPAKHADI,147,,248,626,0,7,633,0,,,0,626,626,0,626
Thane,,,KOPRI-PACHPAKHADI,147,,249,492,0,3,495,0,,,0,492,492,0,492
Thane,,,KOPRI-PACHPAKHADI,147,,250,470,0,5,475,0,,,0,470,470,0,470
Thane,,,KOPRI-PACHPAKHADI,147,,251,477,0,6,483,0,,,0,477,477,0,477
Thane,,,KOPRI-PACHPAKHADI,147,,252,663,0,5,668,0,,,0,663,663,0,663
Thane,,,KOPRI-PACHPAKHADI,147,,253,736,0,7,743,0,,,0,736,736,0,736
Thane,,,KOPRI-PACHPAKHADI,147,,254,783,0,18,801,0,,,0,783,783,0,783
Thane,,,KOPRI-PACHPAKHADI,147,,255,446,0,4,450,0,,,0,446,446,0,446
Thane,,,KOPRI-PACHPAKHADI,147,,256,441,0,3,444,0,,,0,441,441,0,441
Thane,,,KOPRI-PACHPAKHADI,147,,257,473,0,5,478,0,,,0,473,473,0,473
Thane,,,KOPRI-PACHPAKHADI,147,,258,525,0,9,534,0,,,0,525,525,0,525
Thane,,,KOPRI-PACHPAKHADI,147,,259,390,0,5,395,0,,,0,390,390,0,390
Thane,,,KOPRI-PACHPAKHADI,147,,260,607,0,7,614,0,,,0,607,607,0,607
Thane,,,KOPRI-PACHPAKHADI,147,,261,611,0,10,621,0,,,0,611,611,0,611
Thane,,,KOPRI-PACHPAKHADI,147,,262,571,0,6,577,0,,,0,571,571,0,571
Thane,,,KOPRI-PACHPAKHADI,147,,263,612,0,7,619,0,,,0,612,612,0,612
Thane,,,KOPRI-PACHPAKHADI,147,,264,632,0,4,636,0,,,0,632,632,0,632
Thane,,,KOPRI-PACHPAKHADI,147,,265,521,0,2,523,0,,,0,521,521,0,521
Thane,,,KOPRI-PACHPAKHADI,147,,266,584,0,8,592,0,,,0,584,584,0,584
Thane,,,KOPRI-PACHPAKHADI,147,,267,458,0,4,462,0,,,0,458,458,0,458
Thane,,,KOPRI-PACHPAKHADI,147,,268,498,0,3,501,0,,,0,498,498,0,498
Thane,,,KOPRI-PACHPAKHADI,147,,269,440,0,7,447,0,,,0,440,440,0,440
Thane,,,KOPRI-PACHPAKHADI,147,,270,454,0,8,462,0,,,0,454,454,0,454
Thane,,,KOPRI-PACHPAKHADI,147,,271,409,0,5,414,0,,,0,409,409,0,409
Thane,,,KOPRI-PACHPAKHADI,147,,272,519,0,6,525,0,,,0,519,519,0,519
Thane,,,KOPRI-PACHPAKHADI,147,,273,564,0,2,566,0,,,0,564,564,0,564
Thane,,,KOPRI-PACHPAKHADI,147,,274,473,0,9,482,0,,,0,473,473,0,473
Thane,,,KOPRI-PACHPAKHADI,147,,275,401,0,5,406,0,,,0,401,401,0,401
Thane,,,KOPRI-PACHPAKHADI,147,,276,644,0,8,652,0,,,0,644,644,0,644
Thane,,,KOPRI-PACHPAKHADI,147,,277,488,0,5,493,0,,,0,488,488,0,488
Thane,,,KOPRI-PACHPAKHADI,147,,278,529,0,3,532,0,,,0,529,529,0,529
Thane,,,KOPRI-PACHPAKHADI,147,,279,458,0,8,466,0,,,0,458,458,0,458
Thane,,,KOPRI-PACHPAKHADI,147,,280,578,0,9,587,0,,,0,578,578,0,578
Thane,,,KOPRI-PACHPAKHADI,147,,281,393,0,5,398,0,,,0,393,393,0,393
Thane,,,KOPRI-PACHPAKHADI,147,,282,412,0,9,421,0,,,0,412,412,0,412
Thane,,,KOPRI-PACHPAKHADI,147,,283,371,0,1,372,0,,,0,371,371,0,371
Thane,,,KOPRI-PACHPAKHADI,147,,284,623,0,5,628,0,,,0,623,623,0,623
Thane,,,KOPRI-PACHPAKHADI,147,,285,456,0,4,460,0,,,0,456,456,0,456
Thane,,,KOPRI-PACHPAKHADI,147,,286,415,0,3,418,0,,,0,415,415,0,415
Thane,,,KOPRI-PACHPAKHADI,147,,287,332,0,6,338,0,,,0,332,332,0,332
Thane,,,KOPRI-PACHPAKHADI,147,,288,696,0,4,700,0,,,0,696,696,0,696
Thane,,,KOPRI-PACHPAKHADI,147,,289,589,0,14,603,0,,,0,589,589,0,589
Thane,,,KOPRI-PACHPAKHADI,147,,290,686,0,9,695,0,,,0,686,686,0,686
Thane,,,KOPRI-PACHPAKHADI,147,,291,524,0,7,531,0,,,0,524,524,0,524
Thane,,,KOPRI-PACHPAKHADI,147,,292,445,0,8,453,0,,,0,445,445,0,445
Thane,,,KOPRI-PACHPAKHADI,147,,293,595,0,11,606,0,,,0,595,595,0,595
Thane,,,KOPRI-PACHPAKHADI,147,,294,644,0,6,650,0,,,0,644,644,0,644
Thane,,,KOPRI-PACHPAKHADI,147,,295,530,0,6,536,0,,,0,530,530,0,530
Thane,,,KOPRI-PACHPAKHADI,147,,296,526,0,8,534,0,,,0,526,526,0,526
Thane,,,KOPRI-PACHPAKHADI,147,,297,606,0,9,615,0,,,0,606,606,0,606
Thane,,,KOPRI-PACHPAKHADI,147,,298,649,0,15,664,0,,,0,649,649,0,649
Thane,,,KOPRI-PACHPAKHADI,147,,299,761,0,7,768,0,,,0,761,761,0,761
Thane,,,KOPRI-PACHPAKHADI,147,,300,656,0,10,666,0,,,0,656,656,0,656
Thane,,,KOPRI-PACHPAKHADI,147,,301,441,0,6,447,0,,,0,441,441,0,441
Thane,,,KOPRI-PACHPAKHADI,147,,302,728,0,10,738,0,,,0,728,728,0,728
Thane,,,KOPRI-PACHPAKHADI,147,,303,557,0,9,566,0,,,0,557,557,0,557
Thane,,,KOPRI-PACHPAKHADI,147,,304,332,0,6,338,0,,,0,332,332,0,332
Thane,,,KOPRI-PACHPAKHADI,147,,305,614,0,16,630,0,,,0,614,614,0,614
Thane,,,KOPRI-PACHPAKHADI,147,,306,708,0,5,713,0,,,0,708,708,0,708
Thane,,,KOPRI-PACHPAKHADI,147,,307,703,0,6,709,0,,,0,703,703,0,703
Thane,,,KOPRI-PACHPAKHADI,147,,308,638,0,11,649,0,,,0,638,638,0,638
Thane,,,KOPRI-PACHPAKHADI,147,,309,384,0,5,389,0,,,0,404,404,0,404
Thane,,,KOPRI-PACHPAKHADI,147,,310,637,0,8,645,0,,,0,637,637,0,637
Thane,,,KOPRI-PACHPAKHADI,147,,311,472,0,6,478,0,,,0,472,472,0,472
Thane,,,KOPRI-PACHPAKHADI,147,,312,758,0,6,764,0,,,0,758,758,0,758
Thane,,,KOPRI-PACHPAKHADI,147,,313,618,0,12,630,0,,,0,618,618,0,618
Thane,,,KOPRI-PACHPAKHADI,147,,314,587,0,11,598,0,,,0,587,587,0,587
Thane,,,KOPRI-PACHPAKHADI,147,,315,643,0,16,659,0,,,0,643,643,0,643
Thane,,,KOPRI-PACHPAKHADI,147,,316,738,0,6,744,0,,,0,738,738,0,738
Thane,,,KOPRI-PACHPAKHADI,147,,317,698,0,9,707,0,,,0,698,698,0,698
Thane,,,KOPRI-PACHPAKHADI,147,,318,575,0,9,584,0,,,0,575,575,0,575
Thane,,,KOPRI-PACHPAKHADI,147,,319,626,0,8,634,0,,,0,626,626,0,626
Thane,,,KOPRI-PACHPAKHADI,147,,320,490,0,7,497,0,,,0,490,490,0,490
Thane,,,KOPRI-PACHPAKHADI,147,,321,607,0,9,616,0,,,0,607,607,0,607
Thane,,,KOPRI-PACHPAKHADI,147,,322,558,0,9,567,0,,,0,558,558,0,558
Thane,,,KOPRI-PACHPAKHADI,147,,323,497,0,8,505,0,,,0,497,497,0,497
Thane,,,KOPRI-PACHPAKHADI,147,,324,404,0,5,409,0,,,0,404,404,0,404
TOTAL,,,,,,,178238,0,2358,180596,0,,,0,178256,178256,0,178256
