District Name,District No,Jilha,Constituency Name,Constituency No,Total No. of Electors,Serial Poll,Total No. Valid Votes,No. of Rejected Votes,NOTA,Total,No. of Tendered Votes,Elected Person Name,Party Name of Elected Person,No. of Valid Votes Cast in Favour of Elected Person,Other Candidate Votes,Total EVM Votes,Total Postal ballot votes,Total Votes Polled
Mumbai Suburban,,,Ghatkopar West,169,,1,655,0,4,659,0,,,0,655,655,0,655
Mumbai Suburban,,,Ghatkopar West,169,,2,489,0,8,497,0,,,0,489,489,0,489
Mumbai Suburban,,,Ghatkopar West,169,,3,276,0,1,277,0,,,0,276,276,0,276
Mumbai Suburban,,,Ghatkopar West,169,,4,514,0,3,517,0,,,0,514,514,0,514
Mumbai Suburban,,,Ghatkopar West,169,,5,483,0,4,487,0,,,0,483,483,0,483
Mumbai Suburban,,,Ghatkopar West,169,,6,340,0,2,342,0,,,0,340,340,0,340
Mumbai Suburban,,,Ghatkopar West,169,,7,695,0,3,698,0,,,0,695,695,0,695
Mumbai Suburban,,,Ghatkopar West,169,,8,428,0,0,428,0,,,0,428,428,0,428
Mumbai Suburban,,,Ghatkopar West,169,,9,661,0,2,663,0,,,0,661,661,0,661
Mumbai Suburban,,,Ghatkopar West,169,,10,403,0,3,406,0,,,0,403,403,0,403
Mumbai Suburban,,,Ghatkopar West,169,,11,309,0,2,311,0,,,0,309,309,0,309
Mumbai Suburban,,,Ghatkopar West,169,,12,653,0,4,657,0,,,0,653,653,0,653
Mumbai Suburban,,,Ghatkopar West,169,,13,788,0,4,792,0,,,0,788,788,0,788
Mumbai Suburban,,,Ghatkopar West,169,,14,480,0,4,484,0,,,0,480,480,0,480
Mumbai Suburban,,,Ghatkopar West,169,,15,365,0,5,370,0,,,0,365,365,0,365
Mumbai Suburban,,,Ghatkopar West,169,,16,388,0,7,395,0,,,0,388,388,0,388
Mumbai Suburban,,,Ghatkopar West,169,,17,486,0,3,489,0,,,0,486,486,0,486
Mumbai Suburban,,,Ghatkopar West,169,,18,700,0,6,706,0,,,0,700,700,0,700
Mumbai Suburban,,,Ghatkopar West,169,,19,607,0,1,608,0,,,0,607,607,0,607
Mumbai Suburban,,,Ghatkopar West,169,,20,582,0,3,585,0,,,0,582,582,0,582
Mumbai Suburban,,,Ghatkopar West,169,,21,617,0,11,628,0,,,0,617,617,0,617
Mumbai Suburban,,,Ghatkopar West,169,,22,580,0,7,587,0,,,0,580,580,0,580
Mumbai Suburban,,,Ghatkopar West,169,,23,720,0,10,730,0,,,0,720,720,0,720
Mumbai Suburban,,,Ghatkopar West,169,,24,594,0,4,598,0,,,0,594,594,0,594
Mumbai Suburban,,,Ghatkopar West,169,,25,618,0,4,622,0,,,0,618,618,0,618
Mumbai Suburban,,,Ghatkopar West,169,,26,520,0,3,523,0,,,0,520,520,0,520
Mumbai Suburban,,,Ghatkopar West,169,,27,324,0,3,327,0,,,0,324,324,0,324
Mumbai Suburban,,,Ghatkopar West,169,,28,648,0,6,654,0,,,0,648,648,0,648
Mumbai Suburban,,,Ghatkopar West,169,,29,674,0,5,679,0,,,0,674,674,0,674
Mumbai Suburban,,,Ghatkopar West,169,,30,711,0,3,714,0,,,0,711,711,0,711
Mumbai Suburban,,,Ghatkopar West,169,,31,544,0,5,549,0,,,0,544,544,0,544
Mumbai Suburban,,,Ghatkopar West,169,,32,524,0,7,531,0,,,0,524,524,0,524
Mumbai Suburban,,,Ghatkopar West,169,,33,615,0,8,623,0,,,0,615,615,0,615
Mumbai Suburban,,,Ghatkopar West,169,,34,524,0,7,531,0,,,0,524,524,0,524
Mumbai Suburban,,,Ghatkopar West,169,,35,435,0,3,438,0,,,0,435,435,0,435
Mumbai Suburban,,,Ghatkopar West,169,,36,421,0,2,423,0,,,0,421,421,0,421
Mumbai Suburban,,,Ghatkopar West,169,,37,388,0,4,392,0,,,0,388,388,0,388
Mumbai Suburban,,,Ghatkopar West,169,,38,559,0,5,564,0,,,0,559,559,0,559
Mumbai Suburban,,,Ghatkopar West,169,,39,491,0,0,491,0,,,0,491,491,0,491
Mumbai Suburban,,,Ghatkopar West,169,,40,599,0,14,613,0,,,0,599,599,0,599
Mumbai Suburban,,,Ghatkopar West,169,,41,620,0,7,627,0,,,0,620,620,0,620
Mumbai Suburban,,,Ghatkopar West,169,,42,406,0,1,407,0,,,0,406,406,0,406
Mumbai Suburban,,,Ghatkopar West,169,,43,431,0,4,435,0,,,0,431,431,0,431
Mumbai Suburban,,,Ghatkopar West,169,,44,661,0,4,665,0,,,0,661,661,0,661
Mumbai Suburban,,,Ghatkopar West,169,,45,641,0,10,651,0,,,0,641,641,0,641
Mumbai Suburban,,,Ghatkopar West,169,,46,645,0,2,647,0,,,0,645,645,0,645
Mumbai Suburban,,,Ghatkopar West,169,,47,537,0,5,542,0,,,0,537,537,0,537
Mumbai Suburban,,,Ghatkopar West,169,,48,595,0,4,599,0,,,0,595,595,0,595
Mumbai Suburban,,,Ghatkopar West,169,,49,643,0,5,648,0,,,0,643,643,0,643
Mumbai Suburban,,,Ghatkopar West,169,,50,552,0,2,554,0,,,0,552,552,0,552
Mumbai Suburban,,,Ghatkopar West,169,,51,692,0,6,698,0,,,0,692,692,0,692
Mumbai Suburban,,,Ghatkopar West,169,,52,416,0,4,420,0,,,0,416,416,0,416
Mumbai Suburban,,,Ghatkopar West,169,,53,637,0,6,643,0,,,0,637,637,0,637
Mumbai Suburban,,,Ghatkopar West,169,,54,658,0,1,659,0,,,0,658,658,0,658
Mumbai Suburban,,,Ghatkopar West,169,,55,741,0,4,745,0,,,0,741,741,0,741
Mumbai Suburban,,,Ghatkopar West,169,,56,378,0,3,381,0,,,0,378,378,0,378
Mumbai Suburban,,,Ghatkopar West,169,,57,389,0,5,394,0,,,0,389,389,0,389
Mumbai Suburban,,,Ghatkopar West,169,,58,481,0,1,482,0,,,0,481,481,0,481
Mumbai Suburban,,,Ghatkopar West,169,,59,422,0,4,426,0,,,0,422,422,0,422
Mumbai Suburban,,,Ghatkopar West,169,,60,450,0,4,454,0,,,0,450,450,0,450
Mumbai Suburban,,,Ghatkopar West,169,,61,312,0,1,313,0,,,0,312,312,0,312
Mumbai Suburban,,,Ghatkopar West,169,,62,474,0,6,480,0,,,0,474,474,0,474
Mumbai Suburban,,,Ghatkopar West,169,,63,592,0,7,599,0,,,0,592,592,0,592
Mumbai Suburban,,,Ghatkopar West,169,,64,393,0,5,398,0,,,0,393,393,0,393
Mumbai Suburban,,,Ghatkopar West,169,,65,415,0,3,418,0,,,0,415,415,0,415
Mumbai Suburban,,,Ghatkopar West,169,,66,818,0,12,830,0,,,0,818,818,0,818
Mumbai Suburban,,,Ghatkopar West,169,,67,496,0,5,501,0,,,0,496,496,0,496
Mumbai Suburban,,,Ghatkopar West,169,,68,572,0,6,578,0,,,0,572,572,0,572
Mumbai Suburban,,,Ghatkopar West,169,,69,583,0,9,592,0,,,0,583,583,0,583
Mumbai Suburban,,,Ghatkopar West,169,,70,661,0,9,670,0,,,0,661,661,0,661
Mumbai Suburban,,,Ghatkopar West,169,,71,449,0,1,450,0,,,0,449,449,0,449
Mumbai Suburban,,,Ghatkopar West,169,,72,288,0,2,290,0,,,0,288,288,0,288
Mumbai Suburban,,,Ghatkopar West,169,,73,568,0,2,570,0,,,0,568,568,0,568
Mumbai Suburban,,,Ghatkopar West,169,,74,274,0,4,278,0,,,0,274,274,0,274
Mumbai Suburban,,,Ghatkopar West,169,,75,353,0,2,355,0,,,0,353,353,0,353
Mumbai Suburban,,,Ghatkopar West,169,,76,300,0,3,303,0,,,0,300,300,0,300
Mumbai Suburban,,,Ghatkopar West,169,,77,699,0,5,704,0,,,0,699,699,0,699
Mumbai Suburban,,,Ghatkopar West,169,,78,603,0,6,609,0,,,0,603,603,0,603
Mumbai Suburban,,,Ghatkopar West,169,,79,381,0,6,387,0,,,0,381,381,0,381
Mumbai Suburban,,,Ghatkopar West,169,,80,696,0,19,715,0,,,0,696,696,0,696
Mumbai Suburban,,,Ghatkopar West,169,,81,336,0,2,338,0,,,0,336,336,0,336
Mumbai Suburban,,,Ghatkopar West,169,,82,726,0,7,733,0,,,0,726,726,0,726
Mumbai Suburban,,,Ghatkopar West,169,,83,605,0,3,608,0,,,0,605,605,0,605
Mumbai Suburban,,,Ghatkopar West,169,,84,580,0,2,582,0,,,0,580,580,0,580
Mumbai Suburban,,,Ghatkopar West,169,,85,646,0,3,649,0,,,0,646,646,0,646
Mumbai Suburban,,,Ghatkopar West,169,,86,650,0,7,657,0,,,0,650,650,0,650
Mumbai Suburban,,,Ghatkopar West,169,,87,492,0,2,494,0,,,0,492,492,0,492
Mumbai Suburban,,,Ghatkopar West,169,,88,718,0,3,721,0,,,0,718,718,0,718
Mumbai Suburban,,,Ghatkopar West,169,,89,446,0,4,450,0,,,0,446,446,0,446
Mumbai Suburban,,,Ghatkopar West,169,,90,629,0,4,633,0,,,0,629,629,0,629
Mumbai Suburban,,,Ghatkopar West,169,,91,613,0,4,617,0,,,0,613,613,0,613
Mumbai Suburban,,,Ghatkopar West,169,,92,559,0,1,560,0,,,0,559,559,0,559
Mumbai Suburban,,,Ghatkopar West,169,,93,501,0,4,505,0,,,0,501,501,0,501
Mumbai Suburban,,,Ghatkopar West,169,,94,626,0,2,628,0,,,0,626,626,0,626
Mumbai Suburban,,,Ghatkopar West,169,,95,554,0,3,557,0,,,0,554,554,0,554
Mumbai Suburban,,,Ghatkopar West,169,,96,441,0,4,445,0,,,0,441,441,0,441
Mumbai Suburban,,,Ghatkopar West,169,,97,570,0,2,572,0,,,0,570,570,0,570
Mumbai Suburban,,,Ghatkopar West,169,,98,506,0,1,507,0,,,0,506,506,0,506
Mumbai Suburban,,,Ghatkopar West,169,,99,460,0,3,463,0,,,0,460,460,0,460
Mumbai Suburban,,,Ghatkopar West,169,,100,612,0,1,613,0,,,0,612,612,0,612
Mumbai Suburban,,,Ghatkopar West,169,,101,602,0,6,608,0,,,0,602,602,0,602
Mumbai Suburban,,,Ghatkopar West,169,,102,715,0,6,721,0,,,0,715,715,0,715
Mumbai Suburban,,,Ghatkopar West,169,,103,805,0,5,810,0,,,0,805,805,0,805
Mumbai Suburban,,,Ghatkopar West,169,,104,634,0,10,644,0,,,0,634,634,0,634
Mumbai Suburban,,,Ghatkopar West,169,,105,636,0,3,639,0,,,0,636,636,0,636
Mumbai Suburban,,,Ghatkopar West,169,,106,421,0,2,423,0,,,0,421,421,0,421
Mumbai Suburban,,,Ghatkopar West,169,,107,281,0,1,282,0,,,0,281,281,0,281
Mumbai Suburban,,,Ghatkopar West,169,,108,703,0,10,713,0,,,0,703,703,0,703
Mumbai Suburban,,,Ghatkopar West,169,,109,809,0,7,816,0,,,0,809,809,0,809
Mumbai Suburban,,,Ghatkopar West,169,,110,600,0,11,611,0,,,0,600,600,0,600
Mumbai Suburban,,,Ghatkopar West,169,,111,281,0,4,285,0,,,0,281,281,0,281
Mumbai Suburban,,,Ghatkopar West,169,,112,558,0,2,560,0,,,0,558,558,0,558
Mumbai Suburban,,,Ghatkopar West,169,,113,249,0,1,250,0,,,0,249,249,0,249
Mumbai Suburban,,,Ghatkopar West,169,,114,268,0,3,271,0,,,0,268,268,0,268
Mumbai Suburban,,,Ghatkopar West,169,,115,610,0,14,624,0,,,0,610,610,0,610
Mumbai Suburban,,,Ghatkopar West,169,,116,704,0,3,707,0,,,0,704,704,0,704
Mumbai Suburban,,,Ghatkopar West,169,,117,741,0,12,753,0,,,0,741,741,0,741
Mumbai Suburban,,,Ghatkopar West,169,,118,689,0,5,694,0,,,0,689,689,0,689
Mumbai Suburban,,,Ghatkopar West,169,,119,694,0,4,698,0,,,0,694,694,0,694
Mumbai Suburban,,,Ghatkopar West,169,,120,780,0,4,784,0,,,0,780,780,0,780
Mumbai Suburban,,,Ghatkopar West,169,,121,710,0,7,717,0,,,0,710,710,0,710
Mumbai Suburban,,,Ghatkopar West,169,,122,722,0,2,724,0,,,0,722,722,0,722
Mumbai Suburban,,,Ghatkopar West,169,,123,773,0,10,783,0,,,0,773,773,0,773
Mumbai Suburban,,,Ghatkopar West,169,,124,773,0,7,780,0,,,0,773,773,0,773
Mumbai Suburban,,,Ghatkopar West,169,,125,788,0,12,800,0,,,0,788,788,0,788
Mumbai Suburban,,,Ghatkopar West,169,,126,764,0,7,771,0,,,0,764,764,0,764
Mumbai Suburban,,,Ghatkopar West,169,,127,657,0,6,663,0,,,0,657,657,0,657
Mumbai Suburban,,,Ghatkopar West,169,,128,683,0,3,686,0,,,0,684,684,0,684
Mumbai Suburban,,,Ghatkopar West,169,,129,574,0,4,578,0,,,0,574,574,0,574
Mumbai Suburban,,,Ghatkopar West,169,,130,726,0,12,738,0,,,0,726,726,0,726
Mumbai Suburban,,,Ghatkopar West,169,,131,902,0,2,904,0,,,0,902,902,0,902
Mumbai Suburban,,,Ghatkopar West,169,,132,720,0,5,725,0,,,0,720,720,0,720
Mumbai Suburban,,,Ghatkopar West,169,,133,486,0,2,488,0,,,0,486,486,0,486
Mumbai Suburban,,,Ghatkopar West,169,,134,427,0,1,428,0,,,0,427,427,0,427
Mumbai Suburban,,,Ghatkopar West,169,,135,459,0,2,461,0,,,0,459,459,0,459
Mumbai Suburban,,,Ghatkopar West,169,,136,458,0,4,462,0,,,0,458,458,0,458
Mumbai Suburban,,,Ghatkopar West,169,,137,505,0,7,512,0,,,0,505,505,0,505
Mumbai Suburban,,,Ghatkopar West,169,,138,559,0,7,566,0,,,0,559,559,0,559
Mumbai Suburban,,,Ghatkopar West,169,,139,485,0,1,486,0,,,0,485,485,0,485
Mumbai Suburban,,,Ghatkopar West,169,,140,573,0,4,577,0,,,0,573,573,0,573
Mumbai Suburban,,,Ghatkopar West,169,,141,629,0,3,632,0,,,0,629,629,0,629
Mumbai Suburban,,,Ghatkopar West,169,,142,641,0,4,645,0,,,0,641,641,0,641
Mumbai Suburban,,,Ghatkopar West,169,,143,741,0,7,748,0,,,0,741,741,0,741
Mumbai Suburban,,,Ghatkopar West,169,,144,635,0,8,643,0,,,0,635,635,0,635
Mumbai Suburban,,,Ghatkopar West,169,,145,736,0,10,746,0,,,0,736,736,0,736
Mumbai Suburban,,,Ghatkopar West,169,,146,596,0,4,600,0,,,0,596,596,0,596
Mumbai Suburban,,,Ghatkopar West,169,,147,795,0,4,799,0,,,0,795,795,0,795
Mumbai Suburban,,,Ghatkopar West,169,,148,488,0,6,494,0,,,0,488,488,0,488
Mumbai Suburban,,,Ghatkopar West,169,,149,486,0,5,491,0,,,0,486,486,0,486
Mumbai Suburban,,,Ghatkopar West,169,,150,458,0,3,461,0,,,0,458,458,0,458
Mumbai Suburban,,,Ghatkopar West,169,,151,663,0,5,668,0,,,0,663,663,0,663
Mumbai Suburban,,,Ghatkopar West,169,,152,729,0,5,734,0,,,0,729,729,0,729
Mumbai Suburban,,,Ghatkopar West,169,,153,696,0,2,698,0,,,0,696,696,0,696
Mumbai Suburban,,,Ghatkopar West,169,,154,680,0,3,683,0,,,0,680,680,0,680
Mumbai Suburban,,,Ghatkopar West,169,,155,658,0,2,660,0,,,0,658,658,0,658
Mumbai Suburban,,,Ghatkopar West,169,,156,767,0,7,774,0,,,0,767,767,0,767
Mumbai Suburban,,,Ghatkopar West,169,,157,726,0,8,734,0,,,0,726,726,0,726
Mumbai Suburban,,,Ghatkopar West,169,,158,619,0,1,620,0,,,0,619,619,0,619
Mumbai Suburban,,,Ghatkopar West,169,,159,713,0,3,716,0,,,0,713,713,0,713
Mumbai Suburban,,,Ghatkopar West,169,,160,695,0,3,698,0,,,0,695,695,0,695
Mumbai Suburban,,,Ghatkopar West,169,,161,735,0,6,741,0,,,0,735,735,0,735
Mumbai Suburban,,,Ghatkopar West,169,,162,770,0,4,774,0,,,0,770,770,0,770
Mumbai Suburban,,,Ghatkopar West,169,,163,635,0,7,642,0,,,0,635,635,0,635
Mumbai Suburban,,,Ghatkopar West,169,,164,655,0,3,658,0,,,0,655,655,0,655
Mumbai Suburban,,,Ghatkopar West,169,,165,467,0,2,469,0,,,0,467,467,0,467
Mumbai Suburban,,,Ghatkopar West,169,,166,463,0,6,469,0,,,0,463,463,0,463
Mumbai Suburban,,,Ghatkopar West,169,,167,357,0,2,359,0,,,0,357,357,0,357
Mumbai Suburban,,,Ghatkopar West,169,,168,523,0,8,531,0,,,0,523,523,0,523
Mumbai Suburban,,,Ghatkopar West,169,,169,476,0,2,478,0,,,0,476,476,0,476
Mumbai Suburban,,,Ghatkopar West,169,,170,583,0,4,587,0,,,0,583,583,0,583
Mumbai Suburban,,,Ghatkopar West,169,,171,465,0,2,467,0,,,0,465,465,0,465
Mumbai Suburban,,,Ghatkopar West,169,,172,555,0,4,559,0,,,0,555,555,0,555
Mumbai Suburban,,,Ghatkopar West,169,,173,577,0,3,580,0,,,0,577,577,0,577
Mumbai Suburban,,,Ghatkopar West,169,,174,573,0,5,578,0,,,0,573,573,0,573
Mumbai Suburban,,,Ghatkopar West,169,,175,736,0,4,740,0,,,0,736,736,0,736
Mumbai Suburban,,,Ghatkopar West,169,,176,682,0,14,696,0,,,0,682,682,0,682
Mumbai Suburban,,,Ghatkopar West,169,,177,604,0,6,610,0,,,0,604,604,0,604
Mumbai Suburban,,,Ghatkopar West,169,,178,683,0,10,693,0,,,0,683,683,0,683
Mumbai Suburban,,,Ghatkopar West,169,,179,730,0,12,742,0,,,0,730,730,0,730
Mumbai Suburban,,,Ghatkopar West,169,,180,612,0,6,618,0,,,0,612,612,0,612
Mumbai Suburban,,,Ghatkopar West,169,,181,570,0,1,571,0,,,0,570,570,0,570
Mumbai Suburban,,,Ghatkopar West,169,,182,673,0,2,675,0,,,0,673,673,0,673
Mumbai Suburban,,,Ghatkopar West,169,,183,632,0,10,642,0,,,0,632,632,0,632
Mumbai Suburban,,,Ghatkopar West,169,,184,706,0,4,710,0,,,0,706,706,0,706
Mumbai Suburban,,,Ghatkopar West,169,,185,542,0,16,558,0,,,0,542,542,0,542
Mumbai Suburban,,,Ghatkopar West,169,,186,772,0,5,777,0,,,0,772,772,0,772
Mumbai Suburban,,,Ghatkopar West,169,,187,756,0,3,759,0,,,0,756,756,0,756
Mumbai Suburban,,,Ghatkopar West,169,,188,708,0,6,714,0,,,0,708,708,0,708
Mumbai Suburban,,,Ghatkopar West,169,,189,689,0,6,695,0,,,0,689,689,0,689
Mumbai Suburban,,,Ghatkopar West,169,,190,708,0,4,712,0,,,0,708,708,0,708
Mumbai Suburban,,,Ghatkopar West,169,,191,653,0,7,660,0,,,0,653,653,0,653
Mumbai Suburban,,,Ghatkopar West,169,,192,761,0,5,766,0,,,0,761,761,0,761
Mumbai Suburban,,,Ghatkopar West,169,,193,831,0,7,838,0,,,0,831,831,0,831
Mumbai Suburban,,,Ghatkopar West,169,,194,869,0,10,879,0,,,0,869,869,0,869
Mumbai Suburban,,,Ghatkopar West,169,,195,610,0,4,614,0,,,0,610,610,0,610
Mumbai Suburban,,,Ghatkopar West,169,,196,396,0,3,399,0,,,0,396,396,0,396
Mumbai Suburban,,,Ghatkopar West,169,,197,598,0,9,607,0,,,0,598,598,0,598
Mumbai Suburban,,,Ghatkopar West,169,,198,651,0,10,661,0,,,0,651,651,0,651
Mumbai Suburban,,,Ghatkopar West,169,,199,542,0,4,546,0,,,0,542,542,0,542
Mumbai Suburban,,,Ghatkopar West,169,,200,529,0,4,533,0,,,0,529,529,0,529
Mumbai Suburban,,,Ghatkopar West,169,,201,485,0,3,488,0,,,0,485,485,0,485
Mumbai Suburban,,,Ghatkopar West,169,,202,585,0,5,590,0,,,0,585,585,0,585
Mumbai Suburban,,,Ghatkopar West,169,,203,723,0,9,732,0,,,0,723,723,0,723
Mumbai Suburban,,,Ghatkopar West,169,,204,782,0,3,785,0,,,0,782,782,0,782
Mumbai Suburban,,,Ghatkopar West,169,,205,346,0,4,350,0,,,0,346,346,0,346
Mumbai Suburban,,,Ghatkopar West,169,,206,466,0,5,471,0,,,0,466,466,0,466
Mumbai Suburban,,,Ghatkopar West,169,,207,519,0,3,522,0,,,0,519,519,0,519
Mumbai Suburban,,,Ghatkopar West,169,,208,413,0,3,416,0,,,0,413,413,0,413
Mumbai Suburban,,,Ghatkopar West,169,,209,564,0,7,571,0,,,0,564,564,0,564
Mumbai Suburban,,,Ghatkopar West,169,,210,712,0,11,723,0,,,0,712,712,0,712
Mumbai Suburban,,,Ghatkopar West,169,,211,756,0,13,769,0,,,0,756,756,0,756
Mumbai Suburban,,,Ghatkopar West,169,,212,882,0,10,892,0,,,0,882,882,0,882
Mumbai Suburban,,,Ghatkopar West,169,,213,631,0,8,639,0,,,0,631,631,0,631
Mumbai Suburban,,,Ghatkopar West,169,,214,546,0,5,551,0,,,0,546,546,0,546
Mumbai Suburban,,,Ghatkopar West,169,,215,414,0,1,415,0,,,0,414,414,0,414
Mumbai Suburban,,,Ghatkopar West,169,,216,641,0,4,645,0,,,0,641,641,0,641
Mumbai Suburban,,,Ghatkopar West,169,,217,731,0,3,734,0,,,0,731,731,0,731
Mumbai Suburban,,,Ghatkopar West,169,,218,644,0,2,646,0,,,0,644,644,0,644
Mumbai Suburban,,,Ghatkopar West,169,,219,757,0,3,760,0,,,0,757,757,0,757
Mumbai Suburban,,,Ghatkopar West,169,,220,697,0,5,702,0,,,0,697,697,0,697
Mumbai Suburban,,,Ghatkopar West,169,,221,715,0,7,722,0,,,0,715,715,0,715
Mumbai Suburban,,,Ghatkopar West,169,,222,631,0,7,638,0,,,0,631,631,0,631
Mumbai Suburban,,,Ghatkopar West,169,,223,352,0,0,352,0,,,0,352,352,0,352
Mumbai Suburban,,,Ghatkopar West,169,,224,588,0,6,594,0,,,0,588,588,0,588
Mumbai Suburban,,,Ghatkopar West,169,,225,629,0,3,632,0,,,0,629,629,0,629
Mumbai Suburban,,,Ghatkopar West,169,,226,538,0,5,543,0,,,0,538,538,0,538
Mumbai Suburban,,,Ghatkopar West,169,,227,581,0,4,585,0,,,0,581,581,0,581
Mumbai Suburban,,,Ghatkopar West,169,,228,736,0,3,739,0,,,0,736,736,0,736
Mumbai Suburban,,,Ghatkopar West,169,,229,709,0,7,716,0,,,0,709,709,0,709
Mumbai Suburban,,,Ghatkopar West,169,,230,304,0,1,305,0,,,0,304,304,0,304
Mumbai Suburban,,,Ghatkopar West,169,,231,378,0,7,385,0,,,0,378,378,0,378
Mumbai Suburban,,,Ghatkopar West,169,,232,419,0,8,427,0,,,0,419,419,0,419
Mumbai Suburban,,,Ghatkopar West,169,,233,380,0,5,385,0,,,0,380,380,0,380
Mumbai Suburban,,,Ghatkopar West,169,,234,661,0,10,671,0,,,0,661,661,0,661
Mumbai Suburban,,,Ghatkopar West,169,,235,773,0,6,779,0,,,0,773,773,0,773
Mumbai Suburban,,,Ghatkopar West,169,,236,266,0,1,267,0,,,0,266,266,0,266
Mumbai Suburban,,,Ghatkopar West,169,,237,567,0,3,570,0,,,0,567,567,0,567
Mumbai Suburban,,,Ghatkopar West,169,,238,720,0,6,726,0,,,0,720,720,0,720
Mumbai Suburban,,,Ghatkopar West,169,,239,752,0,6,758,0,,,0,752,752,0,752
Mumbai Suburban,,,Ghatkopar West,169,,240,551,0,1,552,0,,,0,551,551,0,551
Mumbai Suburban,,,Ghatkopar West,169,,241,675,0,11,686,0,,,0,675,675,0,675
Mumbai Suburban,,,Ghatkopar West,169,,242,489,0,5,494,0,,,0,489,489,0,489
Mumbai Suburban,,,Ghatkopar West,169,,243,715,0,10,725,0,,,0,715,715,0,715
Mumbai Suburban,,,Ghatkopar West,169,,244,534,0,5,539,0,,,0,534,534,0,534
Mumbai Suburban,,,Ghatkopar West,169,,245,418,0,4,422,0,,,0,418,418,0,418
Mumbai Suburban,,,Ghatkopar West,169,,246,796,0,7,803,0,,,0,796,796,0,796
Mumbai Suburban,,,Ghatkopar West,169,,247,690,0,6,696,0,,,0,690,690,0,690
Mumbai Suburban,,,Ghatkopar West,169,,248,671,0,9,680,0,,,0,671,671,0,671
Mumbai Suburban,,,Ghatkopar West,169,,249,822,0,9,831,0,,,0,822,822,0,822
Mumbai Suburban,,,Ghatkopar West,169,,250,735,0,3,738,0,,,0,735,735,0,735
Mumbai Suburban,,,Ghatkopar West,169,,251,397,0,4,401,0,,,0,397,397,0,397
Mumbai Suburban,,,Ghatkopar West,169,,252,381,0,2,383,0,,,0,381,381,0,381
Mumbai Suburban,,,Ghatkopar West,169,,253,306,0,2,308,0,,,0,306,306,0,306
Mumbai Suburban,,,Ghatkopar West,169,,254,317,0,1,318,0,,,0,317,317,0,317
Mumbai Suburban,,,Ghatkopar West,169,,255,333,0,6,339,0,,,0,333,333,0,333
Mumbai Suburban,,,Ghatkopar West,169,,256,369,0,1,370,0,,,0,369,369,0,369
Mumbai Suburban,,,Ghatkopar West,169,,257,415,0,5,420,0,,,0,415,415,0,415
Mumbai Suburban,,,Ghatkopar West,169,,258,336,0,1,337,0,,,0,336,336,0,336
Mumbai Suburban,,,Ghatkopar West,169,,259,595,0,7,602,0,,,0,595,595,0,595
Mumbai Suburban,,,Ghatkopar West,169,,260,589,0,11,600,0,,,0,589,589,0,589
Mumbai Suburban,,,Ghatkopar West,169,,261,529,0,4,533,0,,,0,529,529,0,529
Mumbai Suburban,,,Ghatkopar West,169,,262,387,0,4,391,0,,,0,387,387,0,387
Mumbai Suburban,,,Ghatkopar West,169,,263,458,0,2,460,0,,,0,458,458,0,458
Mumbai Suburban,,,Ghatkopar West,169,,264,360,0,0,360,0,,,0,360,360,0,360
Mumbai Suburban,,,Ghatkopar West,169,,265,414,0,7,421,0,,,0,414,414,0,414
Mumbai Suburban,,,Ghatkopar West,169,,266,529,0,2,531,0,,,0,529,529,0,529
Mumbai Suburban,,,Ghatkopar West,169,,267,450,0,2,452,0,,,0,450,450,0,450
Mumbai Suburban,,,Ghatkopar West,169,,268,599,0,3,602,0,,,0,599,599,0,599
Mumbai Suburban,,,Ghatkopar West,169,,269,295,0,4,299,0,,,0,295,295,0,295
Mumbai Suburban,,,Ghatkopar West,169,,270,457,0,5,462,0,,,0,457,457,0,457
Mumbai Suburban,,,Ghatkopar West,169,,271,368,0,3,371,0,,,0,368,368,0,368
Mumbai Suburban,,,Ghatkopar West,169,,272,261,0,5,266,0,,,0,261,261,0,261
Mumbai Suburban,,,Ghatkopar West,169,,273,430,0,2,432,0,,,0,430,430,0,430
Mumbai Suburban,,,Ghatkopar West,169,,274,335,0,0,335,0,,,0,335,335,0,335
Mumbai Suburban,,,Ghatkopar West,169,,275,511,0,2,513,0,,,0,511,511,0,511
Mumbai Suburban,,,Ghatkopar West,169,,276,540,0,3,543,0,,,0,540,540,0,540
Mumbai Suburban,,,Ghatkopar West,169,,277,237,0,0,237,0,,,0,237,237,0,237
Mumbai Suburban,,,Ghatkopar West,169,,278,535,0,1,536,0,,,0,535,535,0,535
Mumbai Suburban,,,Ghatkopar West,169,,279,543,0,4,547,0,,,0,543,543,0,543
Mumbai Suburban,,,Ghatkopar West,169,,280,396,0,1,397,0,,,0,396,396,0,396
Mumbai Suburban,,,Ghatkopar West,169,,281,503,0,1,504,0,,,0,503,503,0,503
Mumbai Suburban,,,Ghatkopar West,169,,282,291,0,1,292,0,,,0,291,291,0,291
Mumbai Suburban,,,Ghatkopar West,169,,283,281,0,1,282,0,,,0,281,281,0,281
Mumbai Suburban,,,Ghatkopar West,169,,284,354,0,3,357,0,,,0,354,354,0,354
Mumbai Suburban,,,Ghatkopar West,169,,285,409,0,4,413,0,,,0,409,409,0,409
Mumbai Suburban,,,Ghatkopar West,169,,286,334,0,3,337,0,,,0,334,334,0,334
Mumbai Suburban,,,Ghatkopar West,169,,287,401,0,1,402,0,,,0,401,401,0,401
Mumbai Suburban,,,Ghatkopar West,169,,288,721,0,6,727,0,,,0,721,721,0,721
Mumbai Suburban,,,Ghatkopar West,169,,289,701,0,2,703,0,,,0,701,701,0,701
Mumbai Suburban,,,Ghatkopar West,169,,290,583,0,2,585,0,,,0,583,583,0,583
Mumbai Suburban,,,Ghatkopar West,169,,291,708,0,9,717,0,,,0,708,708,0,708
Mumbai Suburban,,,Ghatkopar West,169,,292,721,0,2,723,0,,,0,721,721,0,721
TOTAL,,,,,,,165120,0,1379,166499,0,,,0,165121,165121,0,165121
