District Name,District No,Jilha,Constituency Name,Constituency No,Total No. of Electors,Serial Poll,Total No. Valid Votes,No. of Rejected Votes,NOTA,Total,No. of Tendered Votes,Elected Person Name,Party Name of Elected Person,No. of Valid Votes Cast in Favour of Elected Person,Other Candidate Votes,Total EVM Votes,Total Postal ballot votes,Total Votes Polled
Raigad,,,MAHAD ASSEMBLY,194,,1,428,0,1,429,0,,,0,428,428,0,428
Raigad,,,MAHAD ASSEMBLY,194,,2,477,0,5,482,0,,,0,477,477,0,477
Raigad,,,MAHAD ASSEMBLY,194,,3,761,0,3,764,0,,,0,761,761,0,761
Raigad,,,MAHAD ASSEMBLY,194,,4,705,0,7,712,0,,,0,705,705,0,705
Raigad,,,MAHAD ASSEMBLY,194,,5,591,0,7,598,0,,,0,591,591,0,591
Raigad,,,MAHAD ASSEMBLY,194,,6,953,0,10,963,0,,,0,953,953,0,953
Raigad,,,MAHAD ASSEMBLY,194,,7,638,0,2,640,0,,,0,638,638,0,638
Raigad,,,MAHAD ASSEMBLY,194,,8,484,0,0,484,0,,,0,484,484,0,484
Raigad,,,MAHAD ASSEMBLY,194,,9,430,0,0,430,0,,,0,430,430,0,430
Raigad,,,MAHAD ASSEMBLY,194,,10,297,0,1,298,0,,,0,297,297,0,297
Raigad,,,MAHAD ASSEMBLY,194,,11,441,0,2,443,0,,,0,441,441,0,441
Raigad,,,MAHAD ASSEMBLY,194,,12,288,0,1,289,0,,,0,288,288,0,288
Raigad,,,MAHAD ASSEMBLY,194,,13,547,0,3,550,0,,,0,547,547,0,547
Raigad,,,MAHAD ASSEMBLY,194,,14,477,0,4,481,0,,,0,477,477,0,477
Raigad,,,MAHAD ASSEMBLY,194,,15,777,0,4,781,0,,,0,777,777,0,777
Raigad,,,MAHAD ASSEMBLY,194,,16,719,0,5,724,0,,,0,719,719,0,719
Raigad,,,MAHAD ASSEMBLY,194,,17,432,0,5,437,0,,,0,432,432,0,432
Raigad,,,MAHAD ASSEMBLY,194,,18,350,0,0,350,0,,,0,350,350,0,350
Raigad,,,MAHAD ASSEMBLY,194,,19,352,0,0,352,0,,,0,352,352,0,352
Raigad,,,MAHAD ASSEMBLY,194,,20,892,0,4,896,0,,,0,892,892,0,892
Raigad,,,MAHAD ASSEMBLY,194,,21,626,0,3,629,0,,,0,626,626,0,626
Raigad,,,MAHAD ASSEMBLY,194,,22,292,0,4,296,0,,,0,292,292,0,292
Raigad,,,MAHAD ASSEMBLY,194,,23,409,0,1,410,0,,,0,409,409,0,409
Raigad,,,MAHAD ASSEMBLY,194,,24,808,0,6,814,0,,,0,808,808,0,808
Raigad,,,MAHAD ASSEMBLY,194,,25,697,0,3,700,0,,,0,697,697,0,697
Raigad,,,MAHAD ASSEMBLY,194,,26,748,0,3,751,0,,,0,748,748,0,748
Raigad,,,MAHAD ASSEMBLY,194,,27,878,0,5,883,0,,,0,878,878,0,878
Raigad,,,MAHAD ASSEMBLY,194,,28,537,0,4,541,0,,,0,537,537,0,537
Raigad,,,MAHAD ASSEMBLY,194,,29,433,0,2,435,0,,,0,433,433,0,433
Raigad,,,MAHAD ASSEMBLY,194,,30,392,0,5,397,0,,,0,392,392,0,392
Raigad,,,MAHAD ASSEMBLY,194,,31,687,0,3,690,0,,,0,687,687,0,687
Raigad,,,MAHAD ASSEMBLY,194,,32,703,0,0,703,0,,,0,703,703,0,703
Raigad,,,MAHAD ASSEMBLY,194,,33,591,0,2,593,0,,,0,591,591,0,591
Raigad,,,MAHAD ASSEMBLY,194,,34,591,0,1,592,0,,,0,591,591,0,591
Raigad,,,MAHAD ASSEMBLY,194,,35,398,0,2,400,0,,,0,398,398,0,398
Raigad,,,MAHAD ASSEMBLY,194,,36,356,0,3,359,0,,,0,356,356,0,356
Raigad,,,MAHAD ASSEMBLY,194,,37,176,0,2,178,0,,,0,176,176,0,176
Raigad,,,MAHAD ASSEMBLY,194,,38,611,0,3,614,0,,,0,611,611,0,611
Raigad,,,MAHAD ASSEMBLY,194,,39,319,0,1,320,0,,,0,319,319,0,319
Raigad,,,MAHAD ASSEMBLY,194,,40,597,0,4,601,0,,,0,597,597,0,597
Raigad,,,MAHAD ASSEMBLY,194,,41,487,0,0,487,0,,,0,487,487,0,487
Raigad,,,MAHAD ASSEMBLY,194,,42,380,0,1,381,0,,,0,380,380,0,380
Raigad,,,MAHAD ASSEMBLY,194,,43,456,0,1,457,0,,,0,456,456,0,456
Raigad,,,MAHAD ASSEMBLY,194,,44,311,0,2,313,0,,,0,311,311,0,311
Raigad,,,MAHAD ASSEMBLY,194,,45,834,0,1,835,0,,,0,834,834,0,834
Raigad,,,MAHAD ASSEMBLY,194,,46,392,0,2,394,0,,,0,392,392,0,392
Raigad,,,MAHAD ASSEMBLY,194,,47,540,0,1,541,0,,,0,540,540,0,540
Raigad,,,MAHAD ASSEMBLY,194,,48,454,0,2,456,0,,,0,454,454,0,454
Raigad,,,MAHAD ASSEMBLY,194,,49,305,0,3,308,0,,,0,305,305,0,305
Raigad,,,MAHAD ASSEMBLY,194,,50,155,0,0,155,0,,,0,155,155,0,155
Raigad,,,MAHAD ASSEMBLY,194,,51,635,0,5,640,0,,,0,635,635,0,635
Raigad,,,MAHAD ASSEMBLY,194,,52,587,0,3,590,0,,,0,587,587,0,587
Raigad,,,MAHAD ASSEMBLY,194,,53,145,0,1,146,0,,,0,145,145,0,145
Raigad,,,MAHAD ASSEMBLY,194,,54,144,0,0,144,0,,,0,144,144,0,144
Raigad,,,MAHAD ASSEMBLY,194,,55,767,0,10,777,0,,,0,767,767,0,767
Raigad,,,MAHAD ASSEMBLY,194,,56,396,0,1,397,0,,,0,396,396,0,396
Raigad,,,MAHAD ASSEMBLY,194,,57,628,0,1,629,0,,,0,628,628,0,628
Raigad,,,MAHAD ASSEMBLY,194,,58,388,0,3,391,0,,,0,388,388,0,388
Raigad,,,MAHAD ASSEMBLY,194,,59,415,0,2,417,0,,,0,415,415,0,415
Raigad,,,MAHAD ASSEMBLY,194,,60,445,0,4,449,0,,,0,445,445,0,445
Raigad,,,MAHAD ASSEMBLY,194,,61,711,0,1,712,0,,,0,711,711,0,711
Raigad,,,MAHAD ASSEMBLY,194,,62,439,0,0,439,0,,,0,439,439,0,439
Raigad,,,MAHAD ASSEMBLY,194,,63,583,0,2,585,0,,,0,583,583,0,583
Raigad,,,MAHAD ASSEMBLY,194,,64,558,0,3,561,0,,,0,558,558,0,558
Raigad,,,MAHAD ASSEMBLY,194,,65,884,0,3,887,0,,,0,884,884,0,884
Raigad,,,MAHAD ASSEMBLY,194,,66,428,0,5,433,0,,,0,428,428,0,428
Raigad,,,MAHAD ASSEMBLY,194,,67,760,0,8,768,0,,,0,760,760,0,760
Raigad,,,MAHAD ASSEMBLY,194,,68,583,0,0,583,0,,,0,583,583,0,583
Raigad,,,MAHAD ASSEMBLY,194,,69,477,0,5,482,0,,,0,477,477,0,477
Raigad,,,MAHAD ASSEMBLY,194,,70,532,0,6,538,0,,,0,532,532,0,532
Raigad,,,MAHAD ASSEMBLY,194,,71,241,0,1,242,0,,,0,241,241,0,241
Raigad,,,MAHAD ASSEMBLY,194,,72,556,0,1,557,0,,,0,556,556,0,556
Raigad,,,MAHAD ASSEMBLY,194,,73,450,0,1,451,0,,,0,450,450,0,450
Raigad,,,MAHAD ASSEMBLY,194,,74,303,0,2,305,0,,,0,303,303,0,303
Raigad,,,MAHAD ASSEMBLY,194,,75,170,0,1,171,0,,,0,170,170,0,170
Raigad,,,MAHAD ASSEMBLY,194,,76,863,0,2,865,0,,,0,863,863,0,863
Raigad,,,MAHAD ASSEMBLY,194,,77,850,0,3,853,0,,,0,850,850,0,850
Raigad,,,MAHAD ASSEMBLY,194,,78,407,0,3,410,0,,,0,407,407,0,407
Raigad,,,MAHAD ASSEMBLY,194,,79,485,0,6,491,0,,,0,485,485,0,485
Raigad,,,MAHAD ASSEMBLY,194,,80,511,0,3,514,0,,,0,511,511,0,511
Raigad,,,MAHAD ASSEMBLY,194,,81,226,0,1,227,0,,,0,226,226,0,226
Raigad,,,MAHAD ASSEMBLY,194,,82,539,0,7,546,0,,,0,539,539,0,539
Raigad,,,MAHAD ASSEMBLY,194,,83,631,0,2,633,0,,,0,631,631,0,631
Raigad,,,MAHAD ASSEMBLY,194,,84,490,0,1,491,0,,,0,490,490,0,490
Raigad,,,MAHAD ASSEMBLY,194,,85,701,0,2,703,0,,,0,701,701,0,701
Raigad,,,MAHAD ASSEMBLY,194,,86,676,0,0,676,0,,,0,676,676,0,676
Raigad,,,MAHAD ASSEMBLY,194,,87,837,0,10,847,0,,,0,837,837,0,837
Raigad,,,MAHAD ASSEMBLY,194,,88,537,0,2,539,0,,,0,537,537,0,537
Raigad,,,MAHAD ASSEMBLY,194,,89,380,0,4,384,0,,,0,380,380,0,380
Raigad,,,MAHAD ASSEMBLY,194,,90,147,0,2,149,0,,,0,147,147,0,147
Raigad,,,MAHAD ASSEMBLY,194,,91,239,0,4,243,0,,,0,239,239,0,239
Raigad,,,MAHAD ASSEMBLY,194,,92,597,0,3,600,0,,,0,597,597,0,597
Raigad,,,MAHAD ASSEMBLY,194,,93,867,0,7,874,0,,,0,867,867,0,867
Raigad,,,MAHAD ASSEMBLY,194,,94,695,0,4,699,0,,,0,695,695,0,695
Raigad,,,MAHAD ASSEMBLY,194,,95,244,0,4,248,0,,,0,244,244,0,244
Raigad,,,MAHAD ASSEMBLY,194,,96,703,0,1,704,0,,,0,703,703,0,703
Raigad,,,MAHAD ASSEMBLY,194,,97,499,0,4,503,0,,,0,499,499,0,499
Raigad,,,MAHAD ASSEMBLY,194,,98,594,0,5,599,0,,,0,594,594,0,594
Raigad,,,MAHAD ASSEMBLY,194,,99,611,0,5,616,0,,,0,611,611,0,611
Raigad,,,MAHAD ASSEMBLY,194,,100,326,0,2,328,0,,,0,326,326,0,326
Raigad,,,MAHAD ASSEMBLY,194,,101,505,0,3,508,0,,,0,505,505,0,505
Raigad,,,MAHAD ASSEMBLY,194,,102,784,0,5,789,0,,,0,784,784,0,784
Raigad,,,MAHAD ASSEMBLY,194,,103,345,0,1,346,0,,,0,345,345,0,345
Raigad,,,MAHAD ASSEMBLY,194,,104,602,0,3,605,0,,,0,602,602,0,602
Raigad,,,MAHAD ASSEMBLY,194,,105,883,0,5,888,0,,,0,883,883,0,883
Raigad,,,MAHAD ASSEMBLY,194,,106,766,0,6,772,0,,,0,766,766,0,766
Raigad,,,MAHAD ASSEMBLY,194,,107,975,0,6,981,0,,,0,975,975,0,975
Raigad,,,MAHAD ASSEMBLY,194,,108,586,0,3,589,0,,,0,586,586,0,586
Raigad,,,MAHAD ASSEMBLY,194,,109,913,0,4,917,0,,,0,913,913,0,913
Raigad,,,MAHAD ASSEMBLY,194,,110,421,0,1,422,0,,,0,421,421,0,421
Raigad,,,MAHAD ASSEMBLY,194,,111,613,0,3,616,0,,,0,613,613,0,613
Raigad,,,MAHAD ASSEMBLY,194,,112,496,0,3,499,0,,,0,496,496,0,496
Raigad,,,MAHAD ASSEMBLY,194,,113,633,0,1,634,0,,,0,633,633,0,633
Raigad,,,MAHAD ASSEMBLY,194,,114,281,0,1,282,0,,,0,281,281,0,281
Raigad,,,MAHAD ASSEMBLY,194,,115,369,0,1,370,0,,,0,369,369,0,369
Raigad,,,MAHAD ASSEMBLY,194,,116,548,0,2,550,0,,,0,548,548,0,548
Raigad,,,MAHAD ASSEMBLY,194,,117,452,0,0,452,0,,,0,452,452,0,452
Raigad,,,MAHAD ASSEMBLY,194,,118,216,0,0,216,0,,,0,216,216,0,216
Raigad,,,MAHAD ASSEMBLY,194,,119,243,0,1,244,0,,,0,243,243,0,243
Raigad,,,MAHAD ASSEMBLY,194,,120,629,0,4,633,0,,,0,629,629,0,629
Raigad,,,MAHAD ASSEMBLY,194,,121,626,0,3,629,0,,,0,626,626,0,626
Raigad,,,MAHAD ASSEMBLY,194,,122,429,0,2,431,0,,,0,429,429,0,429
Raigad,,,MAHAD ASSEMBLY,194,,123,613,0,5,618,0,,,0,613,613,0,613
Raigad,,,MAHAD ASSEMBLY,194,,124,522,0,2,524,0,,,0,522,522,0,522
Raigad,,,MAHAD ASSEMBLY,194,,125,313,0,2,315,0,,,0,313,313,0,313
Raigad,,,MAHAD ASSEMBLY,194,,126,665,0,1,666,0,,,0,665,665,0,665
Raigad,,,MAHAD ASSEMBLY,194,,127,662,0,3,665,0,,,0,662,662,0,662
Raigad,,,MAHAD ASSEMBLY,194,,128,496,0,4,500,0,,,0,496,496,0,496
Raigad,,,MAHAD ASSEMBLY,194,,129,367,0,0,367,0,,,0,367,367,0,367
Raigad,,,MAHAD ASSEMBLY,194,,130,794,0,3,797,0,,,0,794,794,0,794
Raigad,,,MAHAD ASSEMBLY,194,,131,339,0,2,341,0,,,0,339,339,0,339
Raigad,,,MAHAD ASSEMBLY,194,,132,809,0,2,811,0,,,0,809,809,0,809
Raigad,,,MAHAD ASSEMBLY,194,,133,941,0,4,945,0,,,0,941,941,0,941
Raigad,,,MAHAD ASSEMBLY,194,,134,284,0,5,289,0,,,0,284,284,0,284
Raigad,,,MAHAD ASSEMBLY,194,,135,243,0,3,246,0,,,0,243,243,0,243
Raigad,,,MAHAD ASSEMBLY,194,,136,740,0,4,744,0,,,0,740,740,0,740
Raigad,,,MAHAD ASSEMBLY,194,,137,747,0,5,752,0,,,0,747,747,0,747
Raigad,,,MAHAD ASSEMBLY,194,,138,929,0,7,936,0,,,0,929,929,0,929
Raigad,,,MAHAD ASSEMBLY,194,,139,510,0,0,510,0,,,0,510,510,0,510
Raigad,,,MAHAD ASSEMBLY,194,,140,720,0,7,727,0,,,0,720,720,0,720
Raigad,,,MAHAD ASSEMBLY,194,,141,525,0,1,526,0,,,0,525,525,0,525
Raigad,,,MAHAD ASSEMBLY,194,,142,367,0,1,368,0,,,0,367,367,0,367
Raigad,,,MAHAD ASSEMBLY,194,,143,384,0,2,386,0,,,0,384,384,0,384
Raigad,,,MAHAD ASSEMBLY,194,,144,329,0,1,330,0,,,0,329,329,0,329
Raigad,,,MAHAD ASSEMBLY,194,,145,293,0,2,295,0,,,0,293,293,0,293
Raigad,,,MAHAD ASSEMBLY,194,,146,329,0,1,330,0,,,0,329,329,0,329
Raigad,,,MAHAD ASSEMBLY,194,,147,441,0,1,442,0,,,0,441,441,0,441
Raigad,,,MAHAD ASSEMBLY,194,,148,697,0,5,702,0,,,0,697,697,0,697
Raigad,,,MAHAD ASSEMBLY,194,,149,445,0,1,446,0,,,0,445,445,0,445
Raigad,,,MAHAD ASSEMBLY,194,,150,614,0,1,615,0,,,0,614,614,0,614
Raigad,,,MAHAD ASSEMBLY,194,,151,547,0,4,551,0,,,0,547,547,0,547
Raigad,,,MAHAD ASSEMBLY,194,,152,563,0,2,565,0,,,0,563,563,0,563
Raigad,,,MAHAD ASSEMBLY,194,,153,476,0,0,476,0,,,0,476,476,0,476
Raigad,,,MAHAD ASSEMBLY,194,,154,704,0,1,705,0,,,0,704,704,0,704
Raigad,,,MAHAD ASSEMBLY,194,,155,233,0,0,233,0,,,0,233,233,0,233
Raigad,,,MAHAD ASSEMBLY,194,,156,536,0,4,540,0,,,0,536,536,0,536
Raigad,,,MAHAD ASSEMBLY,194,,157,780,0,3,783,0,,,0,780,780,0,780
Raigad,,,MAHAD ASSEMBLY,194,,158,664,0,1,665,0,,,0,664,664,0,664
Raigad,,,MAHAD ASSEMBLY,194,,159,333,0,0,333,0,,,0,333,333,0,333
Raigad,,,MAHAD ASSEMBLY,194,,160,726,0,0,726,0,,,0,726,726,0,726
Raigad,,,MAHAD ASSEMBLY,194,,161,382,0,0,382,0,,,0,382,382,0,382
Raigad,,,MAHAD ASSEMBLY,194,,162,515,0,0,515,0,,,0,515,515,0,515
Raigad,,,MAHAD ASSEMBLY,194,,163,323,0,1,324,0,,,0,323,323,0,323
Raigad,,,MAHAD ASSEMBLY,194,,164,635,0,2,637,0,,,0,635,635,0,635
Raigad,,,MAHAD ASSEMBLY,194,,165,275,0,2,277,0,,,0,275,275,0,275
Raigad,,,MAHAD ASSEMBLY,194,,166,461,0,1,462,0,,,0,461,461,0,461
Raigad,,,MAHAD ASSEMBLY,194,,167,366,0,0,366,0,,,0,366,366,0,366
Raigad,,,MAHAD ASSEMBLY,194,,168,759,0,4,763,0,,,0,759,759,0,759
Raigad,,,MAHAD ASSEMBLY,194,,169,777,0,4,781,0,,,0,777,777,0,777
Raigad,,,MAHAD ASSEMBLY,194,,170,812,0,3,815,0,,,0,812,812,0,812
Raigad,,,MAHAD ASSEMBLY,194,,171,498,0,2,500,0,,,0,498,498,0,498
Raigad,,,MAHAD ASSEMBLY,194,,172,759,0,4,763,0,,,0,759,759,0,759
Raigad,,,MAHAD ASSEMBLY,194,,173,932,0,2,934,0,,,0,932,932,0,932
Raigad,,,MAHAD ASSEMBLY,194,,174,460,0,1,461,0,,,0,460,460,0,460
Raigad,,,MAHAD ASSEMBLY,194,,175,711,0,1,712,0,,,0,711,711,0,711
Raigad,,,MAHAD ASSEMBLY,194,,176,459,0,1,460,0,,,0,459,459,0,459
Raigad,,,MAHAD ASSEMBLY,194,,177,519,0,0,519,0,,,0,519,519,0,519
Raigad,,,MAHAD ASSEMBLY,194,,178,824,0,3,827,0,,,0,824,824,0,824
Raigad,,,MAHAD ASSEMBLY,194,,179,488,0,0,488,0,,,0,488,488,0,488
Raigad,,,MAHAD ASSEMBLY,194,,180,542,0,1,543,0,,,0,542,542,0,542
Raigad,,,MAHAD ASSEMBLY,194,,181,998,0,4,1002,0,,,0,998,998,0,998
Raigad,,,MAHAD ASSEMBLY,194,,182,792,0,3,795,0,,,0,792,792,0,792
Raigad,,,MAHAD ASSEMBLY,194,,183,518,0,1,519,0,,,0,518,518,0,518
Raigad,,,MAHAD ASSEMBLY,194,,184,264,0,3,267,0,,,0,264,264,0,264
Raigad,,,MAHAD ASSEMBLY,194,,185,336,0,0,336,0,,,0,336,336,0,336
Raigad,,,MAHAD ASSEMBLY,194,,186,584,0,0,584,0,,,0,584,584,0,584
Raigad,,,MAHAD ASSEMBLY,194,,187,612,0,1,613,0,,,0,612,612,0,612
Raigad,,,MAHAD ASSEMBLY,194,,188,354,0,2,356,0,,,0,354,354,0,354
Raigad,,,MAHAD ASSEMBLY,194,,189,700,0,3,703,0,,,0,700,700,0,700
Raigad,,,MAHAD ASSEMBLY,194,,190,340,0,0,340,0,,,0,340,340,0,340
Raigad,,,MAHAD ASSEMBLY,194,,191,893,0,4,897,0,,,0,893,893,0,893
Raigad,,,MAHAD ASSEMBLY,194,,192,584,0,5,589,0,,,0,584,584,0,584
Raigad,,,MAHAD ASSEMBLY,194,,193,745,0,6,751,0,,,0,745,745,0,745
Raigad,,,MAHAD ASSEMBLY,194,,194,800,0,3,803,0,,,0,800,800,0,800
Raigad,,,MAHAD ASSEMBLY,194,,195,476,0,0,476,0,,,0,476,476,0,476
Raigad,,,MAHAD ASSEMBLY,194,,196,743,0,2,745,0,,,0,743,743,0,743
Raigad,,,MAHAD ASSEMBLY,194,,197,435,0,3,438,0,,,0,435,435,0,435
Raigad,,,MAHAD ASSEMBLY,194,,198,283,0,0,283,0,,,0,283,283,0,283
Raigad,,,MAHAD ASSEMBLY,194,,199,347,0,1,348,0,,,0,347,347,0,347
Raigad,,,MAHAD ASSEMBLY,194,,200,259,0,0,259,0,,,0,259,259,0,259
Raigad,,,MAHAD ASSEMBLY,194,,201,466,0,1,467,0,,,0,466,466,0,466
Raigad,,,MAHAD ASSEMBLY,194,,202,442,0,1,443,0,,,0,442,442,0,442
Raigad,,,MAHAD ASSEMBLY,194,,203,385,0,1,386,0,,,0,385,385,0,385
Raigad,,,MAHAD ASSEMBLY,194,,204,327,0,1,328,0,,,0,327,327,0,327
Raigad,,,MAHAD ASSEMBLY,194,,205,401,0,0,401,0,,,0,401,401,0,401
Raigad,,,MAHAD ASSEMBLY,194,,206,690,0,3,693,0,,,0,690,690,0,690
Raigad,,,MAHAD ASSEMBLY,194,,207,215,0,1,216,0,,,0,215,215,0,215
Raigad,,,MAHAD ASSEMBLY,194,,208,835,0,2,837,0,,,0,835,835,0,835
Raigad,,,MAHAD ASSEMBLY,194,,209,394,0,3,397,0,,,0,394,394,0,394
Raigad,,,MAHAD ASSEMBLY,194,,210,520,0,2,522,0,,,0,520,520,0,520
Raigad,,,MAHAD ASSEMBLY,194,,211,653,0,1,654,0,,,0,653,653,0,653
Raigad,,,MAHAD ASSEMBLY,194,,212,171,0,3,174,0,,,0,171,171,0,171
Raigad,,,MAHAD ASSEMBLY,194,,213,1079,0,4,1083,0,,,0,1079,1079,0,1079
Raigad,,,MAHAD ASSEMBLY,194,,214,688,0,1,689,0,,,0,688,688,0,688
Raigad,,,MAHAD ASSEMBLY,194,,215,679,0,0,679,0,,,0,679,679,0,679
Raigad,,,MAHAD ASSEMBLY,194,,216,900,0,2,902,0,,,0,900,900,0,900
Raigad,,,MAHAD ASSEMBLY,194,,217,723,0,3,726,0,,,0,723,723,0,723
Raigad,,,MAHAD ASSEMBLY,194,,218,609,0,0,609,0,,,0,609,609,0,609
Raigad,,,MAHAD ASSEMBLY,194,,219,383,0,1,384,0,,,0,383,383,0,383
Raigad,,,MAHAD ASSEMBLY,194,,220,887,0,3,890,0,,,0,887,887,0,887
Raigad,,,MAHAD ASSEMBLY,194,,221,358,0,4,362,0,,,0,358,358,0,358
Raigad,,,MAHAD ASSEMBLY,194,,222,777,0,0,777,0,,,0,777,777,0,777
Raigad,,,MAHAD ASSEMBLY,194,,223,438,0,1,439,0,,,0,438,438,0,438
Raigad,,,MAHAD ASSEMBLY,194,,224,793,0,4,797,0,,,0,793,793,0,793
Raigad,,,MAHAD ASSEMBLY,194,,225,436,0,2,438,0,,,0,436,436,0,436
Raigad,,,MAHAD ASSEMBLY,194,,226,882,0,2,884,0,,,0,882,882,0,882
Raigad,,,MAHAD ASSEMBLY,194,,227,495,0,3,498,0,,,0,495,495,0,495
Raigad,,,MAHAD ASSEMBLY,194,,228,997,0,5,1002,0,,,0,997,997,0,997
Raigad,,,MAHAD ASSEMBLY,194,,229,382,0,2,384,0,,,0,382,382,0,382
Raigad,,,MAHAD ASSEMBLY,194,,230,280,0,1,281,0,,,0,280,280,0,280
Raigad,,,MAHAD ASSEMBLY,194,,231,385,0,4,389,0,,,0,385,385,0,385
Raigad,,,MAHAD ASSEMBLY,194,,232,630,0,6,636,0,,,0,630,630,0,630
Raigad,,,MAHAD ASSEMBLY,194,,233,630,0,3,633,0,,,0,630,630,0,630
Raigad,,,MAHAD ASSEMBLY,194,,234,583,0,4,587,0,,,0,583,583,0,583
Raigad,,,MAHAD ASSEMBLY,194,,235,978,0,5,983,0,,,0,978,978,0,978
Raigad,,,MAHAD ASSEMBLY,194,,236,777,0,2,779,0,,,0,777,777,0,777
Raigad,,,MAHAD ASSEMBLY,194,,237,567,0,5,572,0,,,0,567,567,0,567
Raigad,,,MAHAD ASSEMBLY,194,,238,494,0,3,497,0,,,0,494,494,0,494
Raigad,,,MAHAD ASSEMBLY,194,,239,550,0,0,550,0,,,0,550,550,0,550
Raigad,,,MAHAD ASSEMBLY,194,,240,536,0,8,544,0,,,0,536,536,0,536
Raigad,,,MAHAD ASSEMBLY,194,,241,837,0,5,842,0,,,0,837,837,0,837
Raigad,,,MAHAD ASSEMBLY,194,,242,580,0,5,585,0,,,0,580,580,0,580
Raigad,,,MAHAD ASSEMBLY,194,,243,444,0,1,445,0,,,0,444,444,0,444
Raigad,,,MAHAD ASSEMBLY,194,,244,924,0,4,928,0,,,0,924,924,0,924
Raigad,,,MAHAD ASSEMBLY,194,,245,505,0,2,507,0,,,0,505,505,0,505
Raigad,,,MAHAD ASSEMBLY,194,,246,663,0,5,668,0,,,0,663,663,0,663
Raigad,,,MAHAD ASSEMBLY,194,,247,680,0,5,685,0,,,0,680,680,0,680
Raigad,,,MAHAD ASSEMBLY,194,,248,796,0,1,797,0,,,0,796,796,0,796
Raigad,,,MAHAD ASSEMBLY,194,,249,571,0,1,572,0,,,0,571,571,0,571
Raigad,,,MAHAD ASSEMBLY,194,,250,556,0,5,561,0,,,0,556,556,0,556
Raigad,,,MAHAD ASSEMBLY,194,,251,717,0,2,719,0,,,0,717,717,0,717
Raigad,,,MAHAD ASSEMBLY,194,,252,715,0,4,719,0,,,0,715,715,0,715
Raigad,,,MAHAD ASSEMBLY,194,,253,773,0,0,773,0,,,0,773,773,0,773
Raigad,,,MAHAD ASSEMBLY,194,,254,933,0,4,937,0,,,0,933,933,0,933
Raigad,,,MAHAD ASSEMBLY,194,,255,578,0,0,578,0,,,0,578,578,0,578
Raigad,,,MAHAD ASSEMBLY,194,,256,623,0,0,623,0,,,0,623,623,0,623
Raigad,,,MAHAD ASSEMBLY,194,,257,470,0,1,471,0,,,0,470,470,0,470
Raigad,,,MAHAD ASSEMBLY,194,,258,555,0,1,556,0,,,0,555,555,0,555
Raigad,,,MAHAD ASSEMBLY,194,,259,583,0,1,584,0,,,0,583,583,0,583
Raigad,,,MAHAD ASSEMBLY,194,,260,683,0,4,687,0,,,0,683,683,0,683
Raigad,,,MAHAD ASSEMBLY,194,,261,468,0,2,470,0,,,0,468,468,0,468
Raigad,,,MAHAD ASSEMBLY,194,,262,575,0,0,575,0,,,0,575,575,0,575
Raigad,,,MAHAD ASSEMBLY,194,,263,510,0,2,512,0,,,0,510,510,0,510
Raigad,,,MAHAD ASSEMBLY,194,,264,698,0,2,700,0,,,0,698,698,0,698
Raigad,,,MAHAD ASSEMBLY,194,,265,188,0,0,188,0,,,0,188,188,0,188
Raigad,,,MAHAD ASSEMBLY,194,,266,299,0,0,299,0,,,0,299,299,0,299
Raigad,,,MAHAD ASSEMBLY,194,,267,657,0,3,660,0,,,0,657,657,0,657
Raigad,,,MAHAD ASSEMBLY,194,,268,297,0,0,297,0,,,0,297,297,0,297
Raigad,,,MAHAD ASSEMBLY,194,,269,331,0,2,333,0,,,0,331,331,0,331
Raigad,,,MAHAD ASSEMBLY,194,,270,267,0,1,268,0,,,0,267,267,0,267
Raigad,,,MAHAD ASSEMBLY,194,,271,545,0,2,547,0,,,0,545,545,0,545
Raigad,,,MAHAD ASSEMBLY,194,,272,603,0,2,605,0,,,0,603,603,0,603
Raigad,,,MAHAD ASSEMBLY,194,,273,636,0,4,640,0,,,0,636,636,0,636
Raigad,,,MAHAD ASSEMBLY,194,,274,835,0,0,835,0,,,0,835,835,0,835
Raigad,,,MAHAD ASSEMBLY,194,,275,788,0,9,797,0,,,0,788,788,0,788
Raigad,,,MAHAD ASSEMBLY,194,,276,397,0,1,398,0,,,0,397,397,0,397
Raigad,,,MAHAD ASSEMBLY,194,,277,243,0,0,243,0,,,0,243,243,0,243
Raigad,,,MAHAD ASSEMBLY,194,,278,254,0,0,254,0,,,0,254,254,0,254
Raigad,,,MAHAD ASSEMBLY,194,,279,306,0,4,310,0,,,0,306,306,0,306
Raigad,,,MAHAD ASSEMBLY,194,,280,238,0,0,238,0,,,0,238,238,0,238
Raigad,,,MAHAD ASSEMBLY,194,,281,470,0,3,473,0,,,0,470,470,0,470
Raigad,,,MAHAD ASSEMBLY,194,,282,895,0,3,898,0,,,0,895,895,0,895
Raigad,,,MAHAD ASSEMBLY,194,,283,524,0,1,525,0,,,0,524,524,0,524
Raigad,,,MAHAD ASSEMBLY,194,,284,508,0,0,508,0,,,0,508,508,0,508
Raigad,,,MAHAD ASSEMBLY,194,,285,281,0,0,281,0,,,0,281,281,0,281
Raigad,,,MAHAD ASSEMBLY,194,,286,486,0,2,488,0,,,0,486,486,0,486
Raigad,,,MAHAD ASSEMBLY,194,,287,392,0,0,392,0,,,0,392,392,0,392
Raigad,,,MAHAD ASSEMBLY,194,,288,560,0,4,564,0,,,0,560,560,0,560
Raigad,,,MAHAD ASSEMBLY,194,,289,923,0,2,925,0,,,0,923,923,0,923
Raigad,,,MAHAD ASSEMBLY,194,,290,601,0,2,603,0,,,0,601,601,0,601
Raigad,,,MAHAD ASSEMBLY,194,,291,608,0,1,609,0,,,0,608,608,0,608
Raigad,,,MAHAD ASSEMBLY,194,,292,452,0,0,452,0,,,0,452,452,0,452
Raigad,,,MAHAD ASSEMBLY,194,,293,527,0,1,528,0,,,0,527,527,0,527
Raigad,,,MAHAD ASSEMBLY,194,,294,650,0,3,653,0,,,0,650,650,0,650
Raigad,,,MAHAD ASSEMBLY,194,,295,619,0,2,621,0,,,0,619,619,0,619
Raigad,,,MAHAD ASSEMBLY,194,,296,710,0,5,715,0,,,0,710,710,0,710
Raigad,,,MAHAD ASSEMBLY,194,,297,1159,0,1,1160,0,,,0,1159,1159,0,1159
Raigad,,,MAHAD ASSEMBLY,194,,298,820,0,3,823,0,,,0,820,820,0,820
Raigad,,,MAHAD ASSEMBLY,194,,299,807,0,4,811,0,,,0,807,807,0,807
Raigad,,,MAHAD ASSEMBLY,194,,300,520,0,0,520,0,,,0,520,520,0,520
Raigad,,,MAHAD ASSEMBLY,194,,301,744,0,0,744,0,,,0,744,744,0,744
Raigad,,,MAHAD ASSEMBLY,194,,302,727,0,1,728,0,,,0,727,727,0,727
Raigad,,,MAHAD ASSEMBLY,194,,303,879,0,3,882,0,,,0,879,879,0,879
Raigad,,,MAHAD ASSEMBLY,194,,304,890,0,2,892,0,,,0,890,890,0,890
Raigad,,,MAHAD ASSEMBLY,194,,305,675,0,1,676,0,,,0,675,675,0,675
Raigad,,,MAHAD ASSEMBLY,194,,306,961,0,4,965,0,,,0,961,961,0,961
Raigad,,,MAHAD ASSEMBLY,194,,307,652,0,0,652,0,,,0,652,652,0,652
Raigad,,,MAHAD ASSEMBLY,194,,308,759,0,0,759,0,,,0,759,759,0,759
Raigad,,,MAHAD ASSEMBLY,194,,309,440,0,1,441,0,,,0,440,440,0,440
Raigad,,,MAHAD ASSEMBLY,194,,310,114,0,1,115,0,,,0,114,114,0,114
Raigad,,,MAHAD ASSEMBLY,194,,311,166,0,0,166,0,,,0,166,166,0,166
Raigad,,,MAHAD ASSEMBLY,194,,312,275,0,0,275,0,,,0,275,275,0,275
Raigad,,,MAHAD ASSEMBLY,194,,313,524,0,0,524,0,,,0,524,524,0,524
Raigad,,,MAHAD ASSEMBLY,194,,314,506,0,1,507,0,,,0,506,506,0,506
Raigad,,,MAHAD ASSEMBLY,194,,315,402,0,1,403,0,,,0,402,402,0,402
Raigad,,,MAHAD ASSEMBLY,194,,316,350,0,1,351,0,,,0,350,350,0,350
Raigad,,,MAHAD ASSEMBLY,194,,317,255,0,1,256,0,,,0,255,255,0,255
Raigad,,,MAHAD ASSEMBLY,194,,318,868,0,0,868,0,,,0,868,868,0,868
Raigad,,,MAHAD ASSEMBLY,194,,319,987,0,1,988,0,,,0,987,987,0,987
Raigad,,,MAHAD ASSEMBLY,194,,320,516,0,0,516,0,,,0,516,516,0,516
Raigad,,,MAHAD ASSEMBLY,194,,321,194,0,0,194,0,,,0,194,194,0,194
Raigad,,,MAHAD ASSEMBLY,194,,322,462,0,0,462,0,,,0,462,462,0,462
Raigad,,,MAHAD ASSEMBLY,194,,323,147,0,1,148,0,,,0,147,147,0,147
Raigad,,,MAHAD ASSEMBLY,194,,324,454,0,1,455,0,,,0,454,454,0,454
Raigad,,,MAHAD ASSEMBLY,194,,325,498,0,3,501,0,,,0,498,498,0,498
Raigad,,,MAHAD ASSEMBLY,194,,326,606,0,0,606,0,,,0,606,606,0,606
Raigad,,,MAHAD ASSEMBLY,194,,327,881,0,1,882,0,,,0,881,881,0,881
Raigad,,,MAHAD ASSEMBLY,194,,328,539,0,2,541,0,,,0,539,539,0,539
Raigad,,,MAHAD ASSEMBLY,194,,329,600,0,0,600,0,,,0,600,600,0,600
Raigad,,,MAHAD ASSEMBLY,194,,330,414,0,2,416,0,,,0,414,414,0,414
Raigad,,,MAHAD ASSEMBLY,194,,331,335,0,0,335,0,,,0,335,335,0,335
Raigad,,,MAHAD ASSEMBLY,194,,332,313,0,2,315,0,,,0,313,313,0,313
Raigad,,,MAHAD ASSEMBLY,194,,333,301,0,0,301,0,,,0,301,301,0,301
Raigad,,,MAHAD ASSEMBLY,194,,334,167,0,0,167,0,,,0,167,167,0,167
Raigad,,,MAHAD ASSEMBLY,194,,335,450,0,0,450,0,,,0,450,450,0,450
Raigad,,,MAHAD ASSEMBLY,194,,336,500,0,1,501,0,,,0,500,500,0,500
TOTAL,,,,,,,184436,0,761,185197,0,,,0,184436,184436,0,184436
